FILE	computerUTC	DMY	HMS	LAT	LON	CONDUCTIVITY	SALINITY	OCEAN TEMP	BULK RED	STREAM PRESSURE	FILTER PRESSURE	MACHINE TEMP	Xaccel	Yaccel	Zaccel	MILLISECOND TIMER	LASER POWER	EVENT RATE	FLOW METER	position	CHL	LIGHT TRANS	ACQ ERROR	D1/D2	PAR
sds_2013_241_1	13241000021	290813	000021	3115.37999	15000.06141				50.3088	12.00	NaN	2.98	0.0189	0.0309	0.0267	405376711	319.0	10167	2.88				-10.89	0.4943	
sds_2013_241_2	13241000407	290813	000407	3114.59183	15000.09433				48.4473	12.00	NaN	2.98	0.0264	0.0291	0.0309	405601934	319.0	10053	2.88				-8.62	0.5049	
sds_2013_241_3	13241000744	290813	000744	3113.87876	15000.12005				50.6655	12.00	NaN	2.98	0.0314	0.0293	0.0374	405819607	319.0	9917	2.88				-8.72	0.4830	
sds_2013_241_4	13241001123	290813	001123	3113.11811	15000.13344				50.9872	12.00	NaN	2.98	0.0257	0.0278	0.0296	406038684	319.0	9913	2.88				-10.71	0.4786	
sds_2013_241_5	13241001501	290813	001501	3112.38695	15000.11582				48.3858	12.00	NaN	2.98	0.0252	0.0304	0.0405	406256572	319.0	9924	2.88				-10.13	0.4891	
sds_2013_241_6	13241001831	290813	001831	3111.68929	15000.08323				49.3349	12.00	NaN	2.98	0.0217	0.0298	0.0299	406466039	319.0	9838	2.88				-9.08	0.4690	
sds_2013_241_7	13241002202	290813	002202	3110.95106	15000.08973				49.8889	12.00	NaN	2.98	0.0241	0.0264	0.0374	406677647	319.0	9968	2.88				-9.72	0.4894	
sds_2013_241_8	13241002542	290813	002542	3110.20920	15000.07273				47.8789	12.00	NaN	2.98	0.0295	0.0316	0.0316	406897918	319.0	9775	2.88				-11.71	0.4039	
sds_2013_241_9	13241002906	290813	002906	3109.49826	15000.06741				49.3275	12.00	NaN	2.98	0.0270	0.0269	0.0280	407101570	319.0	9762	2.88				-9.30	0.3993	
sds_2013_241_10	13241003235	290813	003235	3108.78143	15000.05696				49.2422	12.00	NaN	2.98	0.0225	0.0267	0.0275	407310454	319.0	9926	2.88				-6.98	0.4587	
sds_2013_241_11	13241003603	290813	003603	3108.06833	15000.04783				49.8466	12.00	NaN	2.98	0.0288	0.0291	0.0421	407517964	319.0	10006	2.88				-6.92	0.4653	
sds_2013_241_12	13241003924	290813	003924	3107.36304	15000.04039				48.7988	12.00	NaN	2.98	0.0280	0.0261	0.0325	407719824	319.0	9988	2.88				-9.48	0.4742	
sds_2013_241_13	13241004253	290813	004253	3106.63671	15000.02676				48.2196	12.00	NaN	2.98	0.0262	0.0288	0.0267	407928429	319.0	9889	2.88				-10.91	0.4617	
sds_2013_241_14	13241004627	290813	004627	3105.88885	15000.01092				48.7384	12.00	NaN	2.98	0.0261	0.0304	0.0316	408142250	319.0	9839	2.88				-11.78	0.4839	
sds_2013_241_15	13241005004	290813	005003	3105.15944	14959.99818				49.4557	12.00	NaN	2.98	0.0295	0.0262	0.0333	408358878	319.0	9858	2.88				-9.33	0.4749	
sds_2013_241_16	13241005343	290813	005343	3104.40258	14959.99080				49.6134	12.00	NaN	2.98	0.0240	0.0366	0.0296	408578401	319.0	9808	2.88				-8.80	0.4644	
sds_2013_241_17	13241005715	290813	005715	3103.66749	14959.98907				46.4399	12.00	NaN	2.98	0.0252	0.0280	0.0332	408790547	319.0	9809	2.88				-10.21	0.4581	
sds_2013_241_18	13241010047	290813	010047	3102.95447	14959.98365				49.4625	12.00	NaN	2.98	0.0246	0.0233	0.0325	409002014	319.0	9845	2.88				-8.98	0.4601	
sds_2013_241_19	13241010421	290813	010421	3102.22705	14959.95785				49.1971	12.00	NaN	2.98	0.0299	0.0340	0.0384	409216701	319.0	9904	2.88				-9.81	0.4631	
sds_2013_241_20	13241010800	290813	010800	3101.48527	14959.94568				48.3581	12.00	NaN	2.98	0.0251	0.0345	0.0337	409435239	319.0	9812	2.88				-8.53	0.4550	
sds_2013_241_21	13241011132	290813	011132	3100.78392	14959.91912				48.0921	12.00	NaN	2.98	0.0240	0.0288	0.0311	409647169	319.0	9891	2.88				-8.40	0.4546	
sds_2013_241_22	13241011514	290813	011514	3100.00913	14959.90949				49.0908	12.00	NaN	2.98	0.0314	0.0251	0.0286	409869117	319.0	9927	2.88				-8.02	0.4642	
sds_2013_241_23	13241011858	290813	011857	3059.27076	14959.90187				51.1353	12.00	NaN	2.98	0.0272	0.0319	0.0236	410092814	319.0	10052	2.88				-3.96	0.4913	
sds_2013_241_24	13241012237	290813	012237	3058.51162	14959.91182				47.9937	12.00	NaN	2.98	0.0262	0.0309	0.0358	410312506	319.0	10047	2.88				-6.85	0.4617	
sds_2013_241_25	13241012611	290813	012610	3057.82013	14959.94530				49.5703	12.00	NaN	2.98	0.0220	0.0333	0.0295	410525752	319.0	10058	2.88				-3.45	0.4901	
sds_2013_241_26	13241012930	290813	012930	3057.16049	14959.98420				49.7086	12.00	NaN	2.98	0.0227	0.0277	0.0278	410725179	319.0	10858	2.88				-2.39	0.4890	
sds_2013_241_27	13241013304	290813	013304	3056.44155	15000.01591				46.6871	12.00	NaN	2.98	0.0257	0.0314	0.0309	410939485	319.0	10186	2.88				-6.05	0.4680	
sds_2013_241_28	13241013636	290813	013636	3055.71173	15000.01681				50.0062	12.00	NaN	2.98	0.0262	0.0269	0.0330	411151146	319.0	10077	2.88				-6.19	0.4584	
sds_2013_241_29	13241014015	290813	014015	3054.97967	15000.01652				49.4180	12.00	NaN	2.98	0.0291	0.0303	0.0351	411370068	319.0	10171	2.88				-6.61	0.4758	
sds_2013_241_30	13241014346	290813	014346	3054.28019	15000.02836				46.5661	12.00	NaN	2.98	0.0230	0.0298	0.0312	411580974	319.0	10159	2.88				-6.84	0.5170	
sds_2013_241_31	13241014714	290813	014714	3053.57260	15000.02003				49.9808	12.00	NaN	2.98	0.0259	0.0324	0.0303	411789310	319.0	10093	2.88				-6.30	0.4843	
sds_2013_241_32	13241015038	290813	015038	3052.88905	15000.01656				47.7907	12.00	NaN	2.98	0.0270	0.0230	0.0291	411993456	319.0	10098	2.88				-3.33	0.5043	
sds_2013_241_33	13241015408	290813	015408	3052.16492	15000.00656				50.2836	12.00	NaN	2.98	0.0295	0.0363	0.0340	412203378	319.0	10210	2.88				-2.88	0.5048	
sds_2013_241_34	13241015742	290813	015742	3051.46206	14959.98480				46.8207	12.00	NaN	2.98	0.0225	0.0319	0.0267	412417802	319.0	10064	2.88				-8.26	0.4960	
sds_2013_241_35	13241020119	290813	020119	3050.73636	14959.96248				48.3929	12.00	NaN	2.98	0.0265	0.0299	0.0385	412634869	319.0	10118	2.88				-3.84	0.4886	
sds_2013_241_36	13241020451	290813	020451	3050.03885	14959.94215				49.9496	12.00	NaN	2.98	0.0280	0.0314	0.0301	412846247	319.0	10104	2.88				-8.99	0.4941	
sds_2013_241_37	13241020831	290813	020831	3049.31551	14959.92160				47.5662	12.00	NaN	2.98	0.0278	0.0361	0.0356	413066462	319.0	10002	2.88				-5.76	0.4792	
sds_2013_241_38	13241021201	290813	021201	3048.62727	14959.91196				47.8170	12.00	NaN	2.98	0.0283	0.0322	0.0364	413276315	319.0	10051	2.88				-6.57	0.4602	
sds_2013_241_39	13241021524	290813	021524	3047.95213	14959.88225				48.1862	12.00	NaN	2.98	0.0220	0.0311	0.0241	413479495	319.0	9938	2.88				-7.33	0.4921	
sds_2013_241_40	13241021851	290813	021851	3047.23424	14959.86253				50.6549	12.00	NaN	2.98	0.0257	0.0322	0.0249	413686811	319.0	9982	2.88				-6.94	0.4684	
sds_2013_241_41	13241022213	290813	022213	3046.55416	14959.86518				46.5630	12.00	NaN	2.98	0.0293	0.0319	0.0333	413888737	319.0	9983	2.88				-7.28	0.4652	
sds_2013_241_42	13241022555	290813	022555	3045.81729	14959.86365				47.9511	12.00	NaN	2.98	0.0249	0.0251	0.0312	414110627	319.0	9970	2.88				0.22	0.4814	
sds_2013_241_43	13241022928	290813	022928	3045.10983	14959.84809				47.2246	12.00	NaN	2.98	0.0251	0.0280	0.0261	414323194	319.0	9937	2.88				-6.19	0.5026	
sds_2013_241_44	13241023256	290813	023256	3044.39185	14959.86704				46.1393	12.00	NaN	2.98	0.0267	0.0256	0.0282	414531422	319.0	9905	2.88				-8.84	0.4777	
sds_2013_241_45	13241023619	290813	023619	3043.72586	14959.89674				46.9325	12.00	NaN	2.98	0.0252	0.0254	0.0316	414734612	319.0	9922	2.88				-6.83	0.4780	
sds_2013_241_46	13241023955	290813	023955	3042.98548	14959.92193				47.2960	12.00	NaN	2.98	0.0265	0.0236	0.0303	414949965	319.0	9924	2.88				-5.77	0.4823	
sds_2013_241_47	13241024321	290813	024321	3042.28508	14959.94752				48.5260	12.00	NaN	2.98	0.0243	0.0277	0.0314	415155893	319.0	9986	2.88				-5.86	0.4946	
sds_2013_241_48	13241024700	290813	024700	3041.54397	14959.95853				47.1414	12.00	NaN	2.98	0.0244	0.0265	0.0269	415375432	319.0	9870	2.88				-7.43	0.4844	
sds_2013_241_49	13241025035	290813	025035	3040.82391	14959.96176				48.0958	12.00	NaN	2.98	0.0249	0.0290	0.0290	415590060	319.0	10035	2.88				-3.78	0.4648	
sds_2013_241_50	13241025407	290813	025407	3040.11415	14959.96691				48.0682	12.00	NaN	2.98	0.0251	0.0254	0.0301	415802624	319.0	10042	2.88				-5.88	0.4960	
sds_2013_241_51	13241025739	290813	025739	3039.40823	14959.97889				46.2634	12.00	NaN	2.98	0.0227	0.0314	0.0246	416014622	319.0	10071	2.88				-5.46	0.4854	
sds_2013_241_52	13241030106	290813	030106	3038.69948	14959.96089				47.9909	12.00	NaN	2.98	0.0278	0.0332	0.0286	416221765	319.0	10119	2.88				-4.40	0.5012	
sds_2013_241_53	13241030443	290813	030443	3037.99749	15000.03727				49.6896	12.00	NaN	2.98	0.0248	0.0306	0.0269	416438003	319.0	10120	2.88				-3.45	0.4790	
sds_2013_241_54	13241030814	290813	030814	3037.30369	15000.00368				48.9872	12.00	NaN	2.98	0.0261	0.0303	0.0282	416649622	319.0	10155	2.88				-2.11	0.4915	
sds_2013_241_55	13241031143	290813	031143	3036.60671	14959.97034				47.7166	12.00	NaN	2.98	0.0283	0.0285	0.0293	416858448	319.0	10176	2.88				-6.32	0.4874	
sds_2013_241_56	13241031507	290813	031507	3035.91352	14959.94897				53.0871	12.00	NaN	2.98	0.0251	0.0314	0.0280	417061987	319.0	10048	2.88				-4.26	0.4982	
sds_2013_241_57	13241031845	290813	031844	3035.19319	14959.90909				54.0293	12.00	NaN	2.98	0.0280	0.0372	0.0327	417279765	319.0	10156	2.88				-3.37	0.5032	
sds_2013_241_58	13241032214	290813	032214	3034.50773	14959.89580				47.3961	12.00	NaN	2.98	0.0222	0.0379	0.0291	417489317	319.0	10193	2.88				-6.12	0.5013	
sds_2013_241_59	13241032547	290813	032547	3033.78205	14959.87058				49.1874	12.00	NaN	2.98	0.0286	0.0372	0.0345	417702253	319.0	10048	2.88				-5.40	0.4966	
sds_2013_241_60	13241032914	290813	032914	3033.09361	14959.88609				47.7603	12.00	NaN	2.98	0.0254	0.0332	0.0280	417909513	319.0	10236	2.88				-1.30	0.4890	
sds_2013_241_61	13241033246	290813	033246	3032.38874	14959.88758				48.0293	12.00	NaN	2.98	0.0243	0.0288	0.0309	418121101	319.0	10270	2.88				-0.76	0.5101	
sds_2013_241_62	13241033627	290813	033627	3031.64206	14959.89651				49.0384	12.00	NaN	2.98	0.0257	0.0301	0.0285	418342383	319.0	10222	2.88				-3.14	0.4961	
sds_2013_241_63	13241034000	290813	034000	3030.91675	14959.90868				47.4728	12.00	NaN	2.98	0.0252	0.0291	0.0337	418555315	319.0	10218	2.88				-2.08	0.4919	
sds_2013_241_64	13241034338	290813	034338	3030.20330	14959.92506				47.2850	12.00	NaN	2.98	0.0311	0.0413	0.0320	418773483	319.0	10202	2.88				-4.57	0.4974	
sds_2013_241_65	13241034700	290813	034700	3029.52064	14959.94128				47.4287	12.00	NaN	2.98	0.0261	0.0267	0.0316	418975423	319.0	10238	2.88				-5.94	0.4968	
sds_2013_241_66	13241035028	290813	035028	3028.83473	14959.94257				46.4299	12.00	NaN	2.98	0.0249	0.0385	0.0265	419182975	319.0	10270	2.88				-5.35	0.5104	
sds_2013_241_67	13241035358	290813	035358	3028.10163	14959.94461				48.7427	12.00	NaN	2.98	0.0243	0.0290	0.0269	419393731	319.0	10371	2.88				-0.33	0.4933	
sds_2013_241_68	13241035728	290813	035728	3027.39478	14959.95254				47.0836	12.00	NaN	2.98	0.0262	0.0298	0.0296	419603349	319.0	10344	2.88				-2.63	0.4850	
sds_2013_241_69	13241040053	290813	040053	3026.69931	14959.94912				48.0367	12.00	NaN	2.98	0.0301	0.0327	0.0320	419808577	319.0	10354	2.88				-2.87	0.4908	
sds_2013_241_70	13241040426	290813	040426	3025.97269	14959.94673				47.8357	12.00	NaN	2.98	0.0291	0.0330	0.0298	420021629	319.0	10332	2.88				-1.15	0.5182	
sds_2013_241_71	13241040807	290813	040807	3025.19326	14959.94563				48.2944	12.00	NaN	2.98	0.0314	0.0304	0.0395	420241869	319.0	10358	2.88				-2.47	0.4773	
sds_2013_241_72	13241041132	290813	041132	3024.51046	14959.96039				46.5374	12.00	NaN	2.98	0.0265	0.0288	0.0291	420447080	319.0	10385	2.88				-1.99	0.4985	
sds_2013_241_73	13241041511	290813	041511	3023.77036	14959.96665				46.9261	12.00	NaN	2.98	0.0261	0.0278	0.0340	420665959	319.0	10444	2.88				-1.94	0.5107	
sds_2013_241_74	13241041842	290813	041842	3023.06473	14959.97720				48.2888	12.00	NaN	2.98	0.0238	0.0330	0.0291	420876906	319.0	10352	2.88				-2.80	0.4896	
sds_2013_241_75	13241042213	290813	042213	3022.33525	14959.98765				46.1452	12.00	NaN	2.98	0.0230	0.0298	0.0275	421088501	319.0	10369	2.88				-3.21	0.4957	
sds_2013_241_76	13241042558	290813	042557	3021.82308	14959.99641				48.5206	12.00	NaN	2.98	0.0251	0.0304	0.0295	421237816	319.0	10433	2.88				-0.94	0.4955	
sds_2013_241_77	13241042930	290813	042930	3021.12624	15000.00231				49.1790	12.00	NaN	2.98	0.0236	0.0320	0.0264	421450111	319.0	10358	2.88				-0.06	0.4672	
sds_2013_241_78	13241043250	290813	043250	3020.43372	14959.99101				48.3620	12.00	NaN	2.98	0.0314	0.0278	0.0317	421650299	319.0	10365	2.88				-3.73	0.4758	
sds_2013_241_79	13241043624	290813	043624	3019.71672	14959.99208				46.8253	12.00	NaN	2.98	0.0265	0.0286	0.0249	421864242	319.0	10394	2.88				-2.91	0.4641	
sds_2013_241_80	13241043953	290813	043953	3019.02447	14959.99344				46.4563	12.00	NaN	2.98	0.0267	0.0290	0.0337	422073478	319.0	10388	2.88				0.48	0.4697	
sds_2013_241_81	13241044328	290813	044328	3018.28424	14959.98939				47.7102	12.00	NaN	2.98	0.0320	0.0303	0.0382	422288051	319.0	10282	2.88				-1.69	0.4299	
sds_2013_241_82	13241044705	290813	044705	3017.55833	14959.99182				45.0096	12.00	NaN	2.98	0.0286	0.0291	0.0361	422505544	319.0	10277	2.88				-6.21	0.4645	
sds_2013_241_83	13241045039	290813	045038	3016.80679	14959.99101				44.7593	12.00	NaN	2.98	0.0295	0.0301	0.0277	422718809	319.0	10248	2.88				-4.46	0.4437	
sds_2013_241_84	13241045417	290813	045417	3016.06272	14959.97682				46.2900	12.00	NaN	2.98	0.0238	0.0278	0.0257	422937644	319.0	10259	2.88				-6.15	0.4474	
sds_2013_241_85	13241045745	290813	045745	3015.35267	14959.97769				45.6865	12.00	NaN	2.98	0.0277	0.0298	0.0291	423145584	319.0	10291	2.88				-1.45	0.4532	
sds_2013_241_86	13241050123	290813	050123	3014.60564	14959.96808				46.8068	12.00	NaN	2.98	0.0243	0.0238	0.0230	423363079	319.0	10295	2.88				-2.35	0.4531	
sds_2013_241_87	13241050457	290813	050457	3013.88713	14959.96588				46.4563	12.00	NaN	2.98	0.0238	0.0308	0.0286	423577452	319.0	10285	2.88				-1.21	0.4557	
sds_2013_241_88	13241050825	290813	050825	3013.18756	14959.96869				45.4486	12.00	NaN	2.98	0.0261	0.0314	0.0330	423785019	319.0	10312	2.88				-3.09	0.4338	
sds_2013_241_89	13241051205	290813	051205	3012.42938	14959.97411				45.6874	12.00	NaN	2.98	0.0244	0.0257	0.0337	424005533	319.0	10265	2.88				-1.32	0.4418	
sds_2013_241_90	13241051539	290813	051539	3011.72533	14959.97452				46.2583	12.00	NaN	2.98	0.0225	0.0308	0.0311	424219373	319.0	10238	2.88				-3.27	0.4451	
sds_2013_241_91	13241051909	290813	051909	3011.00654	14959.96715				47.4023	12.00	NaN	2.98	0.0243	0.0283	0.0329	424429039	319.0	10235	2.88				-3.55	0.4445	
sds_2013_241_92	13241052240	290813	052240	3010.30567	14959.97073				49.1138	12.00	NaN	2.98	0.0251	0.0311	0.0324	424639921	319.0	10233	2.88				-1.80	0.4503	
sds_2013_241_93	13241052606	290813	052606	3009.61095	14959.99705				47.3793	12.00	NaN	2.98	0.0238	0.0257	0.0257	424846740	319.0	10325	2.88				-1.84	0.4290	
sds_2013_241_94	13241052936	290813	052936	3008.92386	15000.00031				46.8634	12.00	NaN	2.98	0.0243	0.0333	0.0317	425056223	319.0	10360	2.88				-0.99	0.4421	
sds_2013_241_95	13241053311	290813	053311	3008.19701	14959.99864				47.5758	12.00	NaN	2.98	0.0259	0.0371	0.0330	425271493	319.0	10454	2.88				-0.64	0.4486	
sds_2013_241_96	13241053646	290813	053646	3007.47371	14959.98604				43.9342	12.00	NaN	2.98	0.0222	0.0350	0.0285	425486006	319.0	10244	2.88				-2.89	0.4207	
sds_2013_241_97	13241054009	290813	054009	3006.78386	14959.97749				44.4942	12.00	NaN	2.98	0.0288	0.0259	0.0335	425689678	319.0	10066	2.88				-5.36	0.4260	
sds_2013_241_98	13241054340	290813	054340	3006.07332	14959.97722				46.1472	12.00	NaN	2.98	0.0254	0.0212	0.0312	425900799	319.0	10060	2.88				-4.68	0.4271	
sds_2013_241_99	13241054706	290813	054706	3005.37663	14959.97887				51.4011	12.00	NaN	2.98	0.0251	0.0374	0.0282	426106024	319.0	10306	2.88				-1.19	0.4335	
sds_2013_241_100	13241055033	290813	055032	3004.68718	14959.97296				45.9945	12.00	NaN	2.98	0.0274	0.0291	0.0304	426312893	319.0	10535	2.88				-0.09	0.4449	
sds_2013_241_101	13241055359	290813	055359	3003.99783	14959.96869				49.6194	12.00	NaN	2.98	0.0340	0.0293	0.0406	426519777	319.0	10546	2.88				1.66	0.4431	
sds_2013_241_102	13241055730	290813	055729	3003.28882	14959.97219				47.3601	12.00	NaN	2.98	0.0269	0.0291	0.0314	426729689	319.0	10600	2.88				1.76	0.4603	
sds_2013_241_103	13241060054	290813	060054	3002.56654	14959.96316				47.8094	12.00	NaN	2.98	0.0303	0.0298	0.0282	426934817	319.0	10674	2.88				1.39	0.4459	
sds_2013_241_104	13241060420	290813	060420	3001.87652	14959.94395				49.0331	12.00	NaN	2.98	0.0280	0.0215	0.0351	427140680	319.0	10801	2.88				2.60	0.4473	
sds_2013_241_105	13241060753	290813	060753	3001.18433	14959.89042				49.0421	12.00	NaN	2.98	0.0291	0.0301	0.0327	427352932	319.0	10759	2.88				1.81	0.4563	
sds_2013_241_106	13241061124	290813	061123	3000.45730	14959.83573				47.1830	12.00	NaN	2.98	0.0290	0.0311	0.0372	427563849	319.0	10803	2.88				2.63	0.4789	
sds_2013_241_107	13241061452	290813	061452	2959.96357	14959.82671				49.5531	12.00	NaN	2.98	0.0277	0.0290	0.0345	427772803	319.0	10913	2.88				1.76	0.4583	
sds_2013_241_108	13241061835	290813	061835	2959.98746	14959.97690				49.3826	12.00	NaN	2.98	0.0264	0.0405	0.0333	427995129	319.0	10888	2.88				2.40	0.4337	
sds_2013_241_109	13241062210	290813	062210	2959.99227	14959.98096				47.3282	12.00	NaN	2.98	0.0251	0.0474	0.0304	428210305	319.0	10701	2.88				-0.90	0.4172	
sds_2013_241_110	13241062537	290813	062537	2959.99194	14959.98263				49.0386	12.00	NaN	2.98	0.0214	0.0282	0.0298	428417533	319.0	10675	2.88				-0.05	0.4312	
sds_2013_241_111	13241062905	290813	062905	2959.99271	14959.98452				47.5697	12.00	NaN	2.98	0.0274	0.0664	0.0314	428625183	319.0	10675	2.88				1.34	0.4412	
sds_2013_241_112	13241063228	290813	063228	2959.99145	14959.98260				48.8304	12.00	NaN	2.98	0.0227	0.0528	0.0291	428828167	319.0	10616	2.88				1.71	0.4486	
sds_2013_241_113	13241063558	290813	063558	2959.99258	14959.98328				47.2417	12.00	NaN	2.97	0.0248	0.0495	0.0275	429038409	319.0	10716	2.88				0.16	0.4604	
sds_2013_241_114	13241063929	290813	063929	2959.99149	14959.98071				47.6501	12.00	NaN	2.98	0.0243	0.0351	0.0314	429249070	319.0	10624	2.88				0.13	0.4645	
sds_2013_241_115	13241064305	290813	064305	2959.99194	14959.98024				46.7687	12.00	NaN	2.98	0.0280	0.0316	0.0312	429465560	319.0	10631	2.88				0.24	0.4354	
sds_2013_241_116	13241064647	290813	064647	2959.99035	14959.98525				45.9210	12.00	NaN	2.98	0.0238	0.0346	0.0424	429687761	319.0	10609	2.88				0.03	0.4583	
sds_2013_241_117	13241065024	290813	065024	2959.98990	14959.98695				47.1833	12.00	NaN	2.98	0.0219	0.0262	0.0301	429904681	319.0	10677	2.88				-1.17	0.4801	
sds_2013_241_118	13241065351	290813	065351	2959.99844	14959.98829				48.2825	12.00	NaN	2.98	0.0231	0.0261	0.0295	430110965	319.0	10578	2.88				1.19	0.4841	
sds_2013_241_119	13241065717	290813	065717	2959.99783	14959.98771				46.0927	12.00	NaN	2.98	0.0222	0.0270	0.0356	430317576	319.0	10596	2.88				-0.67	0.4608	
sds_2013_241_120	13241070058	290813	070058	2959.99819	14959.98963				47.9285	12.00	NaN	2.98	0.0286	0.0298	0.0406	430538605	319.0	10654	2.88				1.56	0.4751	
sds_2013_241_121	13241070436	290813	070436	2959.99658	14959.99082				47.4623	12.00	NaN	2.98	0.0270	0.0408	0.0317	430756135	319.0	10587	2.88				0.91	0.4709	
sds_2013_241_122	13241070810	290813	070809	2959.99567	14959.99509				47.2898	12.00	NaN	2.97	0.0306	0.0502	0.0363	430969734	319.0	10675	2.88				1.94	0.4739	
sds_2013_241_123	13241071134	290813	071134	2959.99534	14959.99812				47.4363	12.00	NaN	2.97	0.0241	0.0398	0.0306	431174331	319.0	10701	2.88				2.03	0.4788	
sds_2013_241_124	13241071501	290813	071501	2959.99532	14959.99807				47.3826	12.00	NaN	2.98	0.0286	0.0259	0.0343	431381647	319.0	10738	2.88				1.03	0.4674	
sds_2013_241_125	13241071831	290813	071831	2959.99653	14959.99813				48.1373	12.00	NaN	2.98	0.0196	0.0350	0.0322	431591090	319.0	10722	2.88				3.73	0.4897	
sds_2013_241_126	13241072214	290813	072214	2959.99656	14959.99550				46.4915	12.00	NaN	2.97	0.0335	0.0950	0.0345	431813980	319.0	10786	2.88				2.01	0.4968	
sds_2013_241_127	13241072546	290813	072545	2959.99523	14959.99292				46.9394	12.00	NaN	2.98	0.0309	0.0566	0.0317	432025849	319.0	10785	2.88				1.80	0.4460	
sds_2013_241_128	13241072913	290813	072912	2959.99627	14959.99486				48.1511	12.00	NaN	2.98	0.0265	0.0536	0.0308	432232737	319.0	10710	2.88				2.63	0.4626	
sds_2013_241_129	13241073242	290813	073242	2959.99526	14959.99762				45.9456	12.00	NaN	2.97	0.0207	0.0293	0.0364	432442045	319.0	10682	2.88				1.15	0.4625	
sds_2013_241_130	13241073611	290813	073611	2959.99553	15000.00385				49.1686	12.00	NaN	2.97	0.0246	0.0254	0.0264	432651279	319.0	10794	2.88				2.99	0.4982	
sds_2013_241_131	13241073938	290813	073938	2959.99778	15000.00386				47.3260	12.00	NaN	2.98	0.0265	0.0262	0.0330	432857672	319.0	10839	2.88				0.70	0.4757	
sds_2013_241_132	13241074259	290813	074259	2959.99742	15000.00567				48.8864	12.00	NaN	2.97	0.0217	0.0228	0.0354	433059898	319.0	10727	2.88				1.24	0.4791	
sds_2013_241_133	13241074627	290813	074626	2959.99626	15000.00681				47.5039	12.00	NaN	2.98	0.0219	0.0374	0.0350	433266866	319.0	10901	2.88				5.86	0.4519	
sds_2013_241_134	13241075008	290813	075008	2959.99738	15000.00296				46.7231	12.00	NaN	2.98	0.0259	0.0376	0.0335	433488805	319.0	10831	2.88				1.91	0.4617	
sds_2013_241_135	13241075346	290813	075346	2959.99591	15000.00080				48.5853	12.00	NaN	2.98	0.0293	0.0432	0.0338	433706586	319.0	10860	2.88				3.67	0.4279	
sds_2013_241_136	13241075714	290813	075714	2959.99694	15000.00026				47.1581	12.00	NaN	2.98	0.0251	0.0437	0.0319	433913891	319.0	11074	2.88				2.15	0.4718	
sds_2013_241_137	13241080046	290813	080046	2959.99685	14959.99849				46.6301	12.00	NaN	2.98	0.0206	0.0235	0.0291	434126341	319.0	10880	2.88				3.44	0.4689	
sds_2013_241_138	13241080421	290813	080421	2959.99768	14959.99538				47.5199	12.00	NaN	2.97	0.0214	0.0356	0.0325	434341275	319.0	10872	2.88				2.13	0.4723	
sds_2013_241_139	13241080801	290813	080801	2959.99677	14959.99287				46.3810	12.00	NaN	2.97	0.0324	0.0571	0.0377	434561248	319.0	10855	2.88				1.16	0.4476	
sds_2013_241_140	13241081126	290813	081126	2959.99853	14959.99400				45.7099	12.00	NaN	2.97	0.0223	0.0511	0.0296	434766144	319.0	10928	2.88				-0.12	0.4506	
sds_2013_241_141	13241081452	290813	081452	2959.99674	14959.99574				45.4044	12.00	NaN	2.97	0.0217	0.0212	0.0282	434972052	319.0	10933	2.88				-0.11	0.4421	
sds_2013_241_142	13241081818	290813	081818	2959.99606	14959.99892				45.8868	12.00	NaN	2.97	0.0212	0.0290	0.0393	435178548	319.0	10842	2.88				3.31	0.4531	
sds_2013_241_143	13241082143	290813	082142	2959.99530	14959.99982				52.8994	12.00	NaN	2.97	0.0202	0.0363	0.0283	435382792	319.0	10840	2.88				2.47	0.4481	
sds_2013_241_144	13241082511	290813	082511	2959.99533	15000.00110				47.9143	12.00	NaN	2.97	0.0272	0.0515	0.0358	435591735	319.0	10829	2.88				1.41	0.4329	
sds_2013_241_145	13241082844	290813	082844	2959.99632	14959.99723				47.1196	12.00	NaN	2.97	0.0243	0.0269	0.0306	435804780	319.0	10955	2.88				2.54	0.4419	
sds_2013_241_146	13241083214	290813	083214	2959.99604	14959.99724				46.5709	12.01	NaN	2.97	0.0243	0.0576	0.0317	436014665	319.0	10902	2.88				0.47	0.4501	
sds_2013_241_147	13241083540	290813	083540	2959.99606	14959.99987				45.9971	12.00	NaN	2.97	0.0301	0.0806	0.0384	436219986	319.0	10785	2.88				1.28	0.4250	
sds_2013_241_148	13241083912	290813	083912	2959.99405	15000.00218				45.7741	12.00	NaN	2.97	0.0233	0.0291	0.0285	436432209	319.0	10741	2.88				1.68	0.4435	
sds_2013_241_149	13241084243	290813	084243	2959.99446	15000.00691				46.2950	12.00	NaN	2.97	0.0233	0.0343	0.0363	436643846	319.0	10847	2.88				2.04	0.4393	
sds_2013_241_150	13241084617	290813	084617	2959.99543	15000.00693				46.1105	12.00	NaN	2.97	0.0252	0.0384	0.0324	436857122	319.0	10869	2.88				0.96	0.4465	
sds_2013_241_151	13241084942	290813	084941	2959.99535	15000.00710				46.0409	12.00	NaN	2.97	0.0215	0.0299	0.0322	437061758	319.0	10805	2.88				1.12	0.4504	
sds_2013_241_152	13241085309	290813	085309	2959.99486	15000.00534				45.5048	12.00	NaN	2.97	0.0215	0.0248	0.0330	437269675	319.0	10858	2.88				-0.35	0.4423	
sds_2013_241_153	13241085641	290813	085641	2959.99435	15000.00335				46.5598	12.00	NaN	2.97	0.0262	0.0584	0.0316	437481657	319.0	10895	2.88				0.95	0.4442	
sds_2013_241_154	13241090000	290813	090000	2959.99534	15000.00170				46.2913	12.00	NaN	2.97	0.0243	0.0806	0.0316	437680417	319.0	10858	2.88				0.29	0.4408	
sds_2013_241_155	13241090339	290813	090338	2959.99576	14959.99806				45.8771	12.00	NaN	2.97	0.0298	0.0440	0.0345	437898642	319.0	10806	2.88				3.17	0.4363	
sds_2013_241_156	13241090707	290813	090707	2959.99515	14959.99689				46.0593	12.00	NaN	2.97	0.0222	0.0197	0.0337	438107261	319.0	10857	2.88				3.36	0.4404	
sds_2013_241_157	13241091028	290813	091028	2959.99414	15000.00122				45.9259	12.00	NaN	2.97	0.0201	0.0228	0.0366	438308432	319.0	10970	2.88				1.83	0.4393	
sds_2013_241_158	13241091359	290813	091359	2959.99429	15000.00334				46.1638	12.00	NaN	2.97	0.0209	0.0356	0.0333	438519426	319.0	10893	2.88				3.91	0.4352	
sds_2013_241_159	13241091725	290813	091725	2959.99370	15000.00399				48.5546	12.00	NaN	2.97	0.0219	0.0418	0.0342	438725633	319.0	10958	2.88				3.96	0.4369	
sds_2013_241_160	13241092053	290813	092053	2959.99424	15000.00351				45.2206	12.00	NaN	2.97	0.0227	0.0277	0.0353	438932910	319.0	10984	2.88				1.47	0.4683	
sds_2013_241_161	13241092433	290813	092433	2959.99407	15000.00113				45.0499	12.00	NaN	2.97	0.0230	0.0350	0.0376	439152942	319.0	11012	2.88				4.37	0.4745	
sds_2013_241_162	13241092757	290813	092757	2959.99532	14959.99734				46.4267	12.00	NaN	2.97	0.0196	0.0251	0.0278	439282938	319.0	10958	2.88				3.83	0.4542	
sds_2013_241_163	13241093136	290813	093136	2959.99529	14959.99297				45.2867	12.00	NaN	2.97	0.0252	0.0277	0.0385	439502149	319.0	10953	2.88				5.33	0.4778	
sds_2013_241_164	13241093505	290813	093504	2959.99490	14959.99065				47.5717	12.00	NaN	2.97	0.0206	0.0571	0.0330	439710865	319.0	11008	2.88				4.06	0.4855	
sds_2013_241_165	13241093845	290813	093844	2959.99392	14959.99246				45.2990	12.00	NaN	2.97	0.0265	0.0406	0.0343	439930847	319.0	11040	2.88				1.08	0.5045	
sds_2013_241_166	13241094212	290813	094211	2959.99249	14959.99629				44.8121	12.00	NaN	2.97	0.0254	0.0275	0.0351	440137882	319.0	11058	2.88				3.80	0.4777	
sds_2013_241_167	13241094532	290813	094532	2959.99255	15000.00161				46.7202	12.00	NaN	2.97	0.0265	0.0379	0.0346	440338304	319.0	10978	2.88				2.87	0.5006	
sds_2013_241_168	13241094902	290813	094902	2959.99204	15000.00073				45.1540	12.00	NaN	2.97	0.0285	0.0864	0.0364	440548355	319.0	10885	2.88				1.35	0.4739	
sds_2013_241_169	13241095228	290813	095227	2959.99190	15000.00044				47.1764	12.00	NaN	2.97	0.0259	0.0605	0.0324	440753873	319.0	10999	2.88				2.46	0.4685	
sds_2013_241_170	13241095557	290813	095557	2959.99189	15000.00254				46.0634	12.00	NaN	2.97	0.0252	0.0435	0.0345	440963220	319.0	11008	2.88				1.39	0.4801	
sds_2013_241_171	13241095926	290813	095926	2959.99149	15000.00393				44.4874	12.00	NaN	2.97	0.0259	0.0298	0.0387	441172864	319.0	10993	2.88				3.20	0.4531	
sds_2013_241_172	13241100258	290813	100258	2959.99092	15000.00690				45.7572	11.98	NaN	2.97	0.0240	0.0406	0.0351	441384705	319.0	10967	2.88				4.43	0.4612	
sds_2013_241_173	13241100620	290813	100620	2959.98965	15000.01175				45.7704	12.02	NaN	2.97	0.0230	0.0350	0.0296	441586700	319.0	10986	2.88				2.54	0.4447	
sds_2013_241_174	13241100953	290813	100953	2959.98981	15000.01434				46.5598	12.00	NaN	2.97	0.0400	0.1212	0.0392	441799666	319.0	10957	2.88				0.83	0.4460	
sds_2013_241_175	13241101322	290813	101322	2959.99017	15000.01632				45.3304	12.00	NaN	2.97	0.0293	0.0476	0.0320	442008224	319.0	10999	2.88				3.51	0.4387	
sds_2013_241_176	13241101655	290813	101655	2959.98861	15000.01914				45.9301	12.00	NaN	2.97	0.0217	0.0309	0.0264	442221010	319.0	10950	2.88				4.59	0.4229	
sds_2013_241_177	13241102021	290813	102021	2959.98887	15000.02133				45.4456	12.00	NaN	2.97	0.0251	0.0392	0.0400	442427388	319.0	10866	2.88				3.17	0.4438	
sds_2013_241_178	13241102350	290813	102350	2959.98745	15000.02514				45.9222	12.00	NaN	2.97	0.0280	0.0419	0.0320	442636011	319.0	10880	2.88				4.25	0.4193	
sds_2013_241_179	13241102726	290813	102726	2959.98717	15000.02848				44.7519	12.00	NaN	2.97	0.0240	0.0452	0.0350	442851928	319.0	11075	2.88				2.59	0.4086	
sds_2013_241_180	13241103050	290813	103050	2959.98700	15000.03302				45.9926	12.00	NaN	2.97	0.0233	0.0282	0.0314	443056028	319.0	11131	2.88				4.30	0.4275	
sds_2013_241_181	13241103411	290813	103411	2959.98792	15000.03313				45.8390	12.00	NaN	2.97	0.0267	0.0445	0.0333	443257549	319.0	11144	2.88				3.92	0.4241	
sds_2013_241_182	13241103732	290813	103732	2959.98786	15000.03104				45.1792	12.00	NaN	2.97	0.0270	0.0392	0.0393	443458464	319.0	11132	2.88				5.36	0.4143	
sds_2013_241_183	13241104102	290813	104101	2959.98883	15000.02872				45.3939	12.00	NaN	2.97	0.0301	0.0335	0.0304	443667871	319.0	11181	2.88				1.25	0.4314	
sds_2013_241_184	13241104427	290813	104427	2959.98931	15000.02455				45.2039	12.00	NaN	2.97	0.0254	0.0335	0.0316	443873331	319.0	11199	2.88				4.21	0.4408	
sds_2013_241_185	13241104755	290813	104754	2959.98805	15000.01879				45.8702	12.00	NaN	2.97	0.0206	0.0285	0.0298	444080874	319.0	11128	2.88				3.80	0.4272	
sds_2013_241_186	13241105120	290813	105120	2959.98719	15000.01646				45.1502	12.00	NaN	2.97	0.0217	0.0516	0.0298	444286189	319.0	11146	2.88				4.81	0.4545	
sds_2013_241_187	13241105444	290813	105443	2959.98896	15000.01645				45.7139	12.00	NaN	2.97	0.0259	0.0500	0.0343	444489842	319.0	11152	2.88				5.17	0.4270	
sds_2013_241_188	13241105807	290813	105807	2959.98876	15000.01609				46.4715	12.00	NaN	2.97	0.0275	0.0714	0.0359	444693251	319.0	11196	2.88				3.81	0.4198	
sds_2013_241_189	13241110136	290813	110136	2959.98805	15000.01470				47.3391	12.00	NaN	2.97	0.0261	0.0426	0.0327	444902478	319.0	11199	2.88				4.12	0.4325	
sds_2013_241_190	13241110458	290813	110458	2959.98906	15000.00954				45.3776	12.00	NaN	2.97	0.0296	0.0630	0.0371	445104695	319.0	11140	2.88				3.31	0.4335	
sds_2013_241_191	13241110828	290813	110828	2959.98884	15000.00292				44.4512	12.00	NaN	2.97	0.0249	0.0340	0.0333	445314235	319.0	11215	2.88				6.48	0.4384	
sds_2013_241_192	13241111159	290813	111159	2959.98895	14959.99687				45.8890	12.00	NaN	2.97	0.0240	0.0233	0.0361	445525495	319.0	11131	2.88				1.94	0.4246	
sds_2013_241_193	13241111518	290813	111518	2959.98792	14959.99197				46.2018	12.00	NaN	2.97	0.0274	0.0264	0.0374	445724431	319.0	11160	2.88				4.97	0.4429	
sds_2013_241_194	13241111846	290813	111846	2959.98834	14959.99073				44.5835	12.00	NaN	2.97	0.0222	0.0311	0.0343	445932639	319.0	11134	2.88				5.98	0.4363	
sds_2013_241_195	13241112215	290813	112215	2959.98927	14959.99116				45.7364	12.00	NaN	2.97	0.0257	0.0599	0.0385	446141310	319.0	11224	2.88				5.43	0.4521	
sds_2013_241_196	13241112541	290813	112541	2959.98836	14959.99089				46.0483	12.00	NaN	2.97	0.0295	0.0377	0.0361	446347189	319.0	11288	2.88				2.91	0.4657	
sds_2013_241_197	13241112910	290813	112910	2959.98598	14959.99066				45.8223	12.00	NaN	2.97	0.0269	0.0426	0.0314	446556018	319.0	11223	2.88				4.37	0.4722	
sds_2013_241_198	13241113240	290813	113240	3000.02296	14959.99026				45.9960	12.00	NaN	2.97	0.0309	0.0447	0.0353	446766282	319.0	11174	2.88				5.02	0.4706	
sds_2013_241_199	13241113620	290813	113620	3000.10487	14959.99241				45.2837	12.00	NaN	2.97	0.0262	0.0696	0.0374	446986262	319.0	11145	2.88				5.76	0.4658	
sds_2013_241_200	13241113958	290813	113958	3000.10896	14959.99572				45.0498	12.00	NaN	2.97	0.0254	0.0277	0.0350	447204239	319.0	11205	2.88				5.19	0.4773	
sds_2013_241_201	13241114331	290813	114331	3000.03126	14959.98356				45.4172	12.00	NaN	2.97	0.0265	0.0463	0.0374	447417669	319.0	11195	2.88				2.32	0.4667	
sds_2013_241_202	13241114707	290813	114707	3000.00045	14959.97767				45.1362	12.00	NaN	2.97	0.0244	0.0371	0.0327	447633372	319.0	11301	2.88				3.41	0.4677	
sds_2013_241_203	13241115048	290813	115048	2959.99905	14959.97396				44.4752	12.00	NaN	2.97	0.0280	0.0361	0.0337	447854808	319.0	11263	2.88				4.87	0.4562	
sds_2013_241_204	13241115411	290813	115411	2959.99767	14959.97097				44.2027	12.00	NaN	2.97	0.0238	0.0434	0.0374	448057056	319.0	11270	2.88				4.04	0.4708	
sds_2013_241_205	13241115739	290813	115739	2959.99857	14959.97350				46.2323	12.00	NaN	2.97	0.0267	0.0397	0.0385	448265628	319.0	11246	2.88				3.60	0.4515	
sds_2013_241_206	13241120121	290813	120121	2959.99756	14959.97921				45.5072	12.00	NaN	2.97	0.0286	0.0397	0.0319	448486991	319.0	11252	2.88				4.38	0.4613	
sds_2013_241_207	13241120457	290813	120457	2959.99735	14959.98853				46.3011	12.00	NaN	2.97	0.0277	0.0698	0.0298	448703222	319.0	11267	2.88				5.43	0.4215	
sds_2013_241_208	13241120817	290813	120817	2959.99651	14959.99469				45.4686	12.00	NaN	2.97	0.0236	0.0482	0.0319	448903401	319.0	11358	2.88				4.12	0.4828	
sds_2013_241_209	13241121140	290813	121140	2959.99675	14959.99959				45.2982	12.00	NaN	2.97	0.0303	0.0254	0.0372	449106081	319.0	11232	2.88				3.60	0.4587	
sds_2013_241_210	13241121519	290813	121519	2959.99673	15000.00453				44.6238	12.00	NaN	2.97	0.0267	0.0286	0.0337	449325676	319.0	11298	2.88				3.99	0.4615	
sds_2013_241_211	13241121845	290813	121845	2959.99589	15000.00894				44.3702	12.00	NaN	2.97	0.0256	0.0296	0.0348	449531799	319.0	11295	2.88				5.63	0.4467	
sds_2013_241_212	13241122205	290813	122205	2959.99670	15000.01083				45.1528	12.00	NaN	2.97	0.0209	0.0322	0.0346	449731545	319.0	11335	2.88				4.91	0.4636	
sds_2013_241_213	13241122525	290813	122525	2959.99602	15000.01477				45.4159	12.00	NaN	2.97	0.0214	0.0248	0.0346	449931667	319.0	11321	2.88				5.78	0.4707	
sds_2013_241_214	13241122852	290813	122852	2959.99474	15000.02011				44.6107	12.00	NaN	2.97	0.0262	0.0312	0.0299	450137953	319.0	11291	2.88				4.44	0.4579	
sds_2013_241_215	13241123221	290813	123221	2959.99573	15000.02488				45.5235	12.00	NaN	2.97	0.0288	0.0241	0.0311	450347287	319.0	11205	2.88				5.19	0.4714	
sds_2013_241_216	13241123547	290813	123547	2959.99549	15000.02422				44.3324	12.00	NaN	2.97	0.0222	0.0306	0.0366	450553281	319.0	11342	2.88				5.12	0.4625	
sds_2013_241_217	13241123910	290813	123910	2959.99553	15000.01934				45.5436	12.00	NaN	2.97	0.0252	0.0405	0.0311	450756198	319.0	11326	2.88				3.41	0.4651	
sds_2013_241_218	13241124231	290813	124231	2959.99436	15000.01245				45.2571	12.00	NaN	2.97	0.0209	0.0397	0.0329	450957769	319.0	11280	2.88				1.11	0.4518	
sds_2013_241_219	13241124600	290813	124600	2959.99525	15000.00696				45.7068	12.00	NaN	2.97	0.0264	0.0329	0.0296	451166420	319.0	11289	2.88				4.86	0.4622	
sds_2013_241_220	13241124931	290813	124931	2959.99582	15000.00065				45.5283	12.00	NaN	2.97	0.0257	0.0667	0.0330	451377057	319.0	11228	2.88				4.90	0.4604	
sds_2013_241_221	13241125249	290813	125249	2959.99387	14959.99558				44.2703	12.00	NaN	2.97	0.0256	0.0303	0.0388	451575207	319.0	11156	2.88				1.56	0.4563	
sds_2013_241_222	13241125620	290813	125620	2959.99480	14959.99422				45.0193	12.00	NaN	2.97	0.0231	0.0335	0.0319	451786479	319.0	11197	2.88				6.26	0.4543	
sds_2013_241_223	13241125946	290813	125946	2959.99463	14959.99214				45.5188	12.00	NaN	2.97	0.0257	0.0623	0.0401	451992058	319.0	11226	2.88				4.86	0.4559	
sds_2013_241_224	13241130310	290813	130310	2959.99544	14959.98668				44.5746	12.00	NaN	2.97	0.0251	0.0575	0.0322	452196493	319.0	11132	2.88				3.07	0.4635	
sds_2013_241_225	13241130642	290813	130642	2959.99557	14959.98412				44.9880	12.00	NaN	2.97	0.0262	0.0534	0.0345	452408741	319.0	11257	2.88				2.77	0.4614	
sds_2013_241_226	13241131015	290813	131015	2959.99488	14959.98350				44.8271	12.00	NaN	2.97	0.0235	0.0236	0.0329	452621310	319.0	11274	2.88				6.02	0.4504	
sds_2013_241_227	13241131341	290813	131341	2959.99505	14959.98206				45.4345	12.00	NaN	2.97	0.0254	0.0542	0.0335	452827294	319.0	11217	2.88				2.57	0.4619	
sds_2013_241_228	13241131703	290813	131703	2959.99440	14959.98234				45.8364	12.00	NaN	2.97	0.0215	0.0264	0.0319	453029492	319.0	11186	2.88				3.91	0.4255	
sds_2013_241_229	13241132023	290813	132023	2959.99492	14959.98377				44.9419	12.00	NaN	2.97	0.0272	0.0185	0.0285	453229789	319.0	11240	2.88				5.70	0.4421	
sds_2013_241_230	13241132345	290813	132345	2959.99395	14959.98565				44.4624	12.00	NaN	2.97	0.0240	0.0427	0.0369	453431828	319.0	11198	2.88				4.36	0.4208	
sds_2013_241_231	13241132718	290813	132718	2959.99400	14959.98936				44.5752	12.00	NaN	2.97	0.0312	0.0547	0.0403	453644172	319.0	11271	2.88				4.39	0.4282	
sds_2013_241_232	13241133045	290813	133044	2959.99412	14959.99176				44.6572	12.00	NaN	2.97	0.0248	0.0371	0.0275	453850837	319.0	11285	2.88				5.62	0.4193	
sds_2013_241_233	13241133409	290813	133408	2959.99458	14959.98994				44.5332	12.00	NaN	2.97	0.0223	0.0346	0.0285	454054840	319.0	11304	2.88				3.84	0.4187	
sds_2013_241_234	13241133730	290813	133730	2959.99443	14959.98613				45.7028	12.00	NaN	2.97	0.0241	0.0240	0.0345	454256797	319.0	11316	2.88				5.64	0.4237	
sds_2013_241_235	13241134058	290813	134058	2959.99457	14959.98300				44.1482	12.00	NaN	2.97	0.0244	0.0510	0.0322	454464802	319.0	11362	2.88				1.77	0.4395	
sds_2013_241_236	13241134430	290813	134430	2959.99598	14959.97795				44.3638	12.00	NaN	2.97	0.0222	0.0377	0.0295	454676385	319.0	11267	2.88				4.63	0.4012	
sds_2013_241_237	13241134806	290813	134806	2959.99640	14959.97079				45.4088	12.00	NaN	2.97	0.0264	0.0212	0.0348	454892601	319.0	11185	2.88				2.78	0.4291	
sds_2013_241_238	13241135130	290813	135130	2959.99718	14959.96463				44.6505	12.00	NaN	2.97	0.0282	0.0492	0.0384	455096253	319.0	11218	2.88				3.82	0.4330	
sds_2013_241_239	13241135503	290813	135503	2959.99798	14959.96152				44.4329	12.00	NaN	2.97	0.0252	0.0290	0.0286	455309268	319.0	11250	2.88				4.42	0.4163	
sds_2013_241_240	13241135841	290813	135841	2959.99849	14959.96012				44.5476	12.00	NaN	2.97	0.0241	0.0275	0.0299	455527043	319.0	11221	2.88				4.20	0.4150	
sds_2013_241_241	13241140205	290813	140205	2959.99764	14959.95891				44.5522	12.00	NaN	2.97	0.0262	0.0408	0.0348	455731117	319.0	11264	2.88				5.05	0.4172	
sds_2013_241_242	13241140536	290813	140536	2959.99809	14959.95540				43.2743	12.00	NaN	2.97	0.0256	0.0456	0.0361	455942454	319.0	11271	2.88				4.26	0.4126	
sds_2013_241_243	13241140902	290813	140902	2959.99857	14959.95139				47.1084	12.00	NaN	2.97	0.0210	0.0350	0.0374	456148342	319.0	11260	2.88				4.43	0.4225	
sds_2013_241_244	13241141240	290813	141240	2959.99878	14959.95152				43.9639	12.00	NaN	2.97	0.0293	0.0701	0.0418	456365975	319.0	11176	2.88				5.73	0.4307	
sds_2013_241_245	13241141618	290813	141618	2959.99725	14959.95404				43.7489	12.00	NaN	2.97	0.0262	0.0314	0.0295	456584320	319.0	11310	2.88				4.48	0.4202	
sds_2013_241_246	13241141952	290813	141952	2959.99664	14959.95845				44.7635	12.00	NaN	2.97	0.0267	0.0286	0.0301	456798270	319.0	11165	2.88				4.00	0.4465	
sds_2013_241_247	13241142322	290813	142322	2959.99453	14959.96162				43.5179	12.00	NaN	2.97	0.0227	0.0445	0.0432	457008387	319.0	11204	2.88				1.79	0.4219	
sds_2013_241_248	13241142759	290813	142759	2959.99290	14959.96429				43.8054	12.00	NaN	2.97	0.0243	0.0427	0.0346	457211981	319.0	11217	2.88				5.76	0.4222	
sds_2013_241_249	13241143126	290813	143126	2959.99213	14959.96842				43.4053	12.00	NaN	2.97	0.0249	0.0236	0.0316	457419425	319.0	11288	2.88				4.41	0.4298	
sds_2013_241_250	13241143505	290813	143505	2959.99011	14959.97164				47.9017	12.00	NaN	2.97	0.0270	0.0398	0.0306	457638066	319.0	11190	2.88				5.53	0.4333	
sds_2013_241_251	13241143826	290813	143826	2959.98799	14959.97630				44.8437	12.00	NaN	2.97	0.0201	0.0528	0.0327	457839308	319.0	11269	2.88				3.09	0.4199	
sds_2013_241_252	13241144200	290813	144200	2959.98687	14959.98271				43.9928	12.00	NaN	2.97	0.0265	0.0264	0.0290	458053591	319.0	11248	2.88				3.38	0.4541	
sds_2013_241_253	13241144527	290813	144527	2959.98458	14959.98850				43.8327	12.00	NaN	2.97	0.0222	0.0293	0.0367	458259613	319.0	11330	2.88				4.29	0.4421	
sds_2013_241_254	13241144858	290813	144858	2959.98667	14959.99468				43.7229	12.00	NaN	2.97	0.0264	0.0327	0.0316	458471602	319.0	11225	2.88				4.32	0.4293	
sds_2013_241_255	13241145230	290813	145230	2959.99199	14959.99693				44.4810	12.00	NaN	2.97	0.0288	0.0550	0.0359	458683012	319.0	11279	2.88				5.12	0.4495	
sds_2013_241_256	13241145556	290813	145556	2959.99215	14959.99900				44.0120	12.00	NaN	2.97	0.0223	0.0222	0.0350	458889691	319.0	11301	2.88				3.80	0.4209	
sds_2013_241_257	13241145921	290813	145921	2959.99154	15000.00111				44.2794	12.00	NaN	2.97	0.0227	0.0249	0.0311	459094550	319.0	11321	2.88				4.92	0.4135	
sds_2013_241_258	13241150240	290813	150240	2959.99164	15000.00003				43.7075	12.00	NaN	2.97	0.0215	0.0248	0.0385	459293038	319.0	11337	2.88				1.36	0.4233	
sds_2013_241_259	13241150608	290813	150608	2959.99171	14959.99941				43.7646	12.00	NaN	2.97	0.0283	0.0269	0.0296	459500969	319.0	11284	2.88				5.97	0.4231	
sds_2013_241_260	13241150937	290813	150937	2959.99166	14959.99821				44.7854	12.00	NaN	2.97	0.0233	0.0285	0.0309	459710263	319.0	11316	2.88				4.38	0.4342	
sds_2013_241_261	13241151309	290813	151309	2959.99183	14959.99808				43.2344	12.00	NaN	2.97	0.0225	0.0282	0.0324	459922607	319.0	11243	2.88				3.59	0.4275	
sds_2013_241_262	13241151635	290813	151635	2959.99291	14959.99781				44.1084	12.00	NaN	2.97	0.0230	0.0507	0.0312	460128801	319.0	11249	2.88				3.64	0.4302	
sds_2013_241_263	13241152000	290813	152000	2959.99211	14959.99587				43.9238	12.00	NaN	2.97	0.0244	0.0217	0.0312	460333146	319.0	11302	2.88				3.79	0.4312	
sds_2013_241_264	13241152323	290813	152323	2959.99292	14959.99354				43.0396	12.00	NaN	2.97	0.0252	0.0324	0.0372	460536116	319.0	11185	2.88				4.08	0.4114	
sds_2013_241_265	13241152656	290813	152656	2959.99282	14959.99398				44.0861	12.00	NaN	2.97	0.0212	0.0353	0.0298	460749033	319.0	11234	2.88				4.20	0.4247	
sds_2013_241_266	13241153019	290813	153019	2959.99258	14959.99531				42.6011	12.00	NaN	2.97	0.0225	0.0461	0.0340	460952256	319.0	11224	2.88				2.94	0.3993	
sds_2013_241_267	13241153356	290813	153356	2959.99227	14959.99919				43.7975	12.00	NaN	2.97	0.0228	0.0286	0.0317	461168978	319.0	11200	2.88				2.59	0.4087	
sds_2013_241_268	13241153732	290813	153732	2959.98991	15000.00231				44.3059	12.00	NaN	2.97	0.0262	0.0631	0.0327	461385763	319.0	11155	2.88				2.11	0.4369	
sds_2013_241_269	13241154054	290813	154054	2959.98917	15000.00432				43.4269	12.00	NaN	2.97	0.0243	0.0356	0.0308	461587043	319.0	11261	2.88				4.89	0.4108	
sds_2013_241_270	13241154421	290813	154421	2959.98815	15000.00605				44.4271	12.00	NaN	2.97	0.0201	0.0367	0.0325	461794218	319.0	11194	2.88				4.85	0.4294	
sds_2013_241_271	13241154743	290813	154743	2959.98728	15000.00873				44.2610	12.00	NaN	2.97	0.0209	0.0343	0.0376	461996491	319.0	11215	2.88				3.24	0.4161	
sds_2013_241_272	13241155106	290813	155106	2959.98733	15000.00881				43.7847	12.00	NaN	2.97	0.0275	0.0312	0.0314	462199689	319.0	11143	2.88				1.04	0.4192	
sds_2013_241_273	13241155445	290813	155445	2959.98698	15000.00888				43.9555	12.00	NaN	2.97	0.0246	0.0359	0.0442	462418360	319.0	11190	2.88				5.06	0.4152	
sds_2013_241_274	13241155811	290813	155811	2959.98675	15000.01057				43.1597	12.00	NaN	2.97	0.0238	0.0353	0.0312	462623956	319.0	11185	2.88				2.87	0.4268	
sds_2013_241_275	13241160137	290813	160137	2959.98543	15000.01218				43.8676	12.00	NaN	2.97	0.0238	0.0304	0.0333	462830569	319.0	11208	2.88				1.15	0.4310	
sds_2013_241_276	13241160504	290813	160504	2959.98503	15000.01315				43.9696	12.00	NaN	2.97	0.0217	0.0448	0.0278	463037252	319.0	11239	2.88				4.56	0.4037	
sds_2013_241_277	13241160831	290813	160831	2959.98426	15000.01555				44.5746	12.00	NaN	2.97	0.0238	0.0286	0.0322	463244300	319.0	11202	2.88				2.14	0.4058	
sds_2013_241_278	13241161201	290813	161201	2959.98352	15000.01724				43.7744	12.00	NaN	2.97	0.0259	0.0340	0.0367	463454433	319.0	11122	2.88				4.63	0.4048	
sds_2013_241_279	13241161524	290813	161524	2959.98349	15000.01680				44.6459	12.00	NaN	2.97	0.0267	0.0822	0.0353	463656943	319.0	11136	2.88				2.92	0.3832	
sds_2013_241_280	13241161848	290813	161848	2959.98405	15000.01423				44.2528	12.00	NaN	2.97	0.0303	0.0986	0.0413	463861575	319.0	11151	2.88				3.49	0.4078	
sds_2013_241_281	13241162211	290813	162211	2959.98538	15000.01118				44.8618	12.00	NaN	2.97	0.0206	0.0406	0.0280	464064777	319.0	11122	2.88				2.32	0.4159	
sds_2013_241_282	13241162543	290813	162543	2959.98631	15000.00875				43.7325	12.00	NaN	2.97	0.0256	0.0528	0.0371	464276372	319.0	11180	2.88				4.29	0.4343	
sds_2013_241_283	13241162912	290813	162911	2959.98660	15000.00631				43.4335	12.00	NaN	2.97	0.0249	0.0387	0.0327	464484891	319.0	11214	2.88				2.62	0.4133	
sds_2013_241_284	13241163236	290813	163236	2959.98612	15000.00621				43.8138	12.00	NaN	2.97	0.0256	0.0406	0.0405	464689153	319.0	11157	2.88				3.51	0.4176	
sds_2013_241_285	13241163609	290813	163609	2959.98544	15000.00513				43.0726	12.00	NaN	2.97	0.0228	0.0282	0.0343	464901594	319.0	11207	2.88				3.03	0.4128	
sds_2013_241_286	13241163936	290813	163936	2959.98472	15000.00679				43.9274	12.00	NaN	2.97	0.0288	0.0324	0.0434	465109525	319.0	11192	2.88				3.44	0.4200	
sds_2013_241_287	13241164258	290813	164258	2959.98431	15000.00971				44.3257	12.00	NaN	2.97	0.0219	0.0387	0.0416	465311575	319.0	10965	2.88				-1.71	0.4172	
sds_2013_241_288	13241164624	290813	164624	2959.98368	15000.01106				51.4708	12.00	NaN	2.97	0.0241	0.0456	0.0448	465517539	319.0	10987	2.88				1.50	0.4131	
sds_2013_241_289	13241164950	290813	164950	2959.98439	15000.01092				44.1925	12.00	NaN	2.97	0.0231	0.0418	0.0353	465723064	319.0	11049	2.88				2.36	0.4025	
sds_2013_241_290	13241165320	290813	165320	2959.98509	15000.01110				44.1248	12.00	NaN	2.97	0.0295	0.0309	0.0379	465932985	319.0	11020	2.88				0.75	0.4137	
sds_2013_241_291	13241165639	290813	165639	2959.98448	15000.00996				43.8714	12.00	NaN	2.97	0.0291	0.0520	0.0419	466132247	319.0	11081	2.88				3.19	0.4202	
sds_2013_241_292	13241170005	290813	170005	2959.98633	15000.00825				46.2831	12.00	NaN	2.97	0.0270	0.0573	0.0353	466338094	319.0	11214	2.88				1.85	0.4006	
sds_2013_241_293	13241170344	290813	170344	2959.98631	15000.00445				43.6069	12.00	NaN	2.97	0.0217	0.0426	0.0390	466557692	319.0	11162	2.88				1.79	0.4274	
sds_2013_241_294	13241170719	290813	170719	2959.99030	14959.99752				44.0350	12.00	NaN	2.97	0.0222	0.0168	0.0285	466771990	319.0	11144	2.88				3.84	0.4060	
sds_2013_241_295	13241171052	290813	171052	2959.99175	14959.99048				47.0728	12.00	NaN	2.97	0.0240	0.0534	0.0403	466985324	319.0	11193	2.88				3.36	0.4078	
sds_2013_241_296	13241171423	290813	171423	2959.99280	14959.98749				44.6800	12.00	NaN	2.97	0.0314	0.0252	0.0317	467196206	319.0	11095	2.88				0.16	0.4219	
sds_2013_241_297	13241171751	290813	171751	2959.99210	14959.98861				43.7608	12.00	NaN	2.97	0.0262	0.0280	0.0312	467403946	319.0	11081	2.88				3.24	0.4032	
sds_2013_241_298	13241172113	290813	172113	2959.99212	14959.98932				44.3765	12.00	NaN	2.97	0.0290	0.0960	0.0366	467606012	319.0	11066	2.88				2.55	0.4126	
sds_2013_241_299	13241172435	290813	172435	2959.99247	14959.98996				43.8683	12.00	NaN	2.97	0.0243	0.0422	0.0322	467807964	319.0	11062	2.88				0.85	0.4089	
sds_2013_241_300	13241172800	290813	172800	2959.99125	14959.99119				43.8847	12.00	NaN	2.97	0.0230	0.0385	0.0359	468013265	319.0	11052	2.88				0.44	0.4227	
sds_2013_241_301	13241173122	290813	173122	2959.99064	14959.99244				44.6482	12.00	NaN	2.97	0.0320	0.0657	0.0337	468215672	319.0	11103	2.88				2.38	0.4128	
sds_2013_241_302	13241173449	290813	173449	2959.99124	14959.99320				47.6642	12.00	NaN	2.97	0.0233	0.0406	0.0269	468422300	319.0	11194	2.88				4.20	0.4110	
sds_2013_241_303	13241173827	290813	173827	2959.99095	14959.99391				43.8390	12.00	NaN	2.97	0.0181	0.0240	0.0308	468640284	319.0	11092	2.88				2.43	0.4070	
sds_2013_241_304	13241174158	290813	174158	2959.99152	14959.99183				43.4465	12.00	NaN	2.97	0.0219	0.0615	0.0324	468851431	319.0	11038	2.88				1.40	0.4369	
sds_2013_241_305	13241174535	290813	174535	2959.99227	14959.99218				43.2906	12.00	NaN	2.97	0.0244	0.0421	0.0359	469068516	319.0	11077	2.88				2.25	0.4154	
sds_2013_241_306	13241174913	290813	174913	2959.99243	14959.99107				43.4626	12.00	NaN	2.97	0.0243	0.0259	0.0337	469286193	319.0	11032	2.88				0.36	0.4218	
sds_2013_241_307	13241175241	290813	175241	3000.00172	14959.99671				43.3214	12.00	NaN	2.97	0.0267	0.0299	0.0299	469494528	319.0	10971	2.88				1.33	0.4149	
sds_2013_241_308	13241175619	290813	175619	3000.04406	15000.02015				43.2617	12.00	NaN	2.97	0.0222	0.0319	0.0369	469712573	319.0	10976	2.88				1.49	0.4111	
sds_2013_241_309	13241175942	290813	175942	3000.09189	15000.04844				44.9984	12.00	NaN	2.97	0.0194	0.0408	0.0340	469915848	319.0	10963	2.88				1.78	0.4204	
sds_2013_241_310	13241180308	290813	180308	3000.11125	15000.05802				44.5179	12.00	NaN	2.97	0.0207	0.0301	0.0303	470121142	319.0	11037	2.88				-1.07	0.4039	
sds_2013_241_311	13241180642	290813	180642	3000.10905	15000.06023				43.7196	12.00	NaN	2.97	0.0244	0.0458	0.0285	470335594	319.0	10958	2.88				2.32	0.4442	
sds_2013_241_312	13241181015	290813	181015	3000.10731	15000.06448				43.8147	12.00	NaN	2.97	0.0231	0.0427	0.0248	470548806	319.0	10967	2.88				-2.46	0.4192	
sds_2013_241_313	13241181350	290813	181350	3000.10672	15000.06713				43.8024	12.00	NaN	2.97	0.0220	0.0298	0.0299	470763404	319.0	11010	2.88				0.87	0.4133	
sds_2013_241_314	13241181727	290813	181727	3000.10531	15000.06883				42.9353	12.00	NaN	2.97	0.0254	0.0201	0.0317	470980038	319.0	11045	2.88				-0.70	0.4153	
sds_2013_241_315	13241182107	290813	182107	3000.10527	15000.07150				43.3748	12.00	NaN	2.97	0.0243	0.0455	0.0290	471199989	319.0	10994	2.88				0.52	0.4249	
sds_2013_241_316	13241182439	290813	182438	3000.10433	15000.07156				43.2929	12.00	NaN	2.97	0.0209	0.0222	0.0359	471411900	319.0	10981	2.88				2.18	0.4222	
sds_2013_241_317	13241182805	290813	182805	3000.10458	15000.07131				43.9153	12.00	NaN	2.97	0.0199	0.0219	0.0267	471618879	319.0	10986	2.88				-3.72	0.4150	
sds_2013_241_318	13241183141	290813	183141	3000.10428	15000.07073				43.3245	12.00	NaN	2.97	0.0252	0.0181	0.0312	471834155	319.0	10717	2.88				-0.05	0.4158	
sds_2013_241_319	13241183511	290813	183510	3000.10514	15000.07025				43.1421	12.00	NaN	2.97	0.0222	0.0185	0.0325	472043909	319.0	10631	2.88				-2.09	0.4142	
sds_2013_241_320	13241183853	290813	183853	3000.10433	15000.07100				43.6176	12.00	NaN	2.97	0.0210	0.0254	0.0372	472266025	319.0	10596	2.88				-2.94	0.4352	
sds_2013_241_321	13241184226	290813	184226	3000.10466	15000.07137				43.9396	12.00	NaN	2.97	0.0238	0.0403	0.0293	472479589	319.0	10569	2.88				-2.31	0.4237	
sds_2013_241_322	13241184610	290813	184610	3000.10482	15000.07151				42.9198	12.00	NaN	2.97	0.0217	0.0367	0.0351	472703210	319.0	10530	2.88				-4.27	0.4166	
sds_2013_241_323	13241184941	290813	184941	3000.10525	15000.07120				44.5573	12.00	NaN	2.97	0.0252	0.0296	0.0329	472914273	319.0	10599	2.88				-3.99	0.4193	
sds_2013_241_324	13241185315	290813	185315	3000.10444	15000.07336				44.3460	12.00	NaN	2.97	0.0227	0.0219	0.0369	473128455	319.0	10513	2.88				-3.18	0.4154	
sds_2013_241_325	13241185643	290813	185643	3000.10376	15000.07670				43.5000	12.00	NaN	2.97	0.0214	0.0617	0.0338	473336375	319.0	10674	2.88				-3.67	0.4229	
sds_2013_241_326	13241190001	290813	190001	3000.10364	15000.07879				44.1809	12.00	NaN	2.97	0.0240	0.0461	0.0354	473534165	319.0	10430	2.88				-3.35	0.4193	
sds_2013_241_327	13241190338	290813	190338	3000.10301	15000.07783				43.3703	12.00	NaN	2.97	0.0238	0.0494	0.0296	473751330	319.0	10429	2.88				-5.94	0.4049	
sds_2013_241_328	13241190701	290813	190701	3000.10352	15000.07686				43.8194	12.00	NaN	2.97	0.0233	0.0426	0.0411	473954216	319.0	10389	2.88				-4.06	0.4176	
sds_2013_241_329	13241191041	290813	191041	3000.10214	15000.07928				43.6361	12.00	NaN	2.97	0.0223	0.0568	0.0374	474173942	319.0	10399	2.88				-3.43	0.4197	
sds_2013_241_330	13241191410	290813	191410	3000.10207	15000.08268				44.2210	12.01	NaN	2.97	0.0241	0.0728	0.0322	474383653	319.0	10363	2.88				-5.00	0.4124	
sds_2013_241_331	13241191736	290813	191736	3000.10231	15000.08505				44.2747	12.00	NaN	2.97	0.0197	0.0295	0.0346	474589601	319.0	10363	2.88				-4.17	0.4182	
sds_2013_241_332	13241192101	290813	192101	3000.10149	15000.08572				43.9876	12.00	NaN	2.97	0.0251	0.0274	0.0320	474794262	319.0	10343	2.88				-4.39	0.4187	
sds_2013_241_333	13241192426	290813	192426	3000.11404	15000.08710				46.8369	12.00	NaN	2.97	0.0262	0.0235	0.0343	474999138	319.0	10248	2.88				-7.05	0.4027	
sds_2013_241_334	13241192908	290813	192908	3000.14297	14959.90068				43.8875	12.00	NaN	2.97	0.0251	0.0474	0.0306	475207358	319.0	10267	2.88				-4.87	0.4343	
sds_2013_241_335	13241193241	290813	193241	2959.83829	14959.50040				44.5025	12.00	NaN	2.97	0.0231	0.0278	0.0257	475420651	319.0	10255	2.88				-4.29	0.4312	
sds_2013_241_336	13241193613	290813	193613	2959.54526	14959.10132				44.2964	12.00	NaN	2.98	0.0233	0.0262	0.0233	475632062	319.0	10237	2.88				-5.36	0.4242	
sds_2013_241_337	13241193949	290813	193949	2959.26158	14958.70289				44.3496	12.00	NaN	2.97	0.0236	0.0332	0.0236	475847909	319.0	10273	2.88				-5.30	0.4211	
sds_2013_241_338	13241194320	290813	194320	2959.00512	14958.33398				44.4936	12.00	NaN	2.98	0.0233	0.0309	0.0241	476059551	319.0	10210	2.88				-6.98	0.4409	
sds_2013_241_339	13241194654	290813	194654	2958.72855	14957.94163				43.4507	12.00	NaN	2.97	0.0233	0.0316	0.0298	476273038	319.0	10039	2.88				-7.47	0.4144	
sds_2013_241_340	13241195032	290813	195032	2958.47218	14957.56200				43.6205	12.00	NaN	2.97	0.0220	0.0272	0.0249	476491275	319.0	10014	2.88				-11.43	0.4208	
sds_2013_241_341	13241195354	290813	195354	2958.55721	14957.15637				43.9247	12.00	NaN	2.98	0.0332	0.0364	0.0324	476693489	319.0	10041	2.88				-8.46	0.4292	
sds_2013_241_342	13241195728	290813	195728	2958.93932	14957.21376				43.3811	12.00	NaN	2.97	0.0238	0.0209	0.0335	476907409	319.0	10018	2.88				-7.31	0.4110	
sds_2013_241_343	13241200053	290813	200053	2959.11370	14957.62564				43.3168	12.00	NaN	2.97	0.0295	0.0314	0.0259	477112691	319.0	10015	2.88				-7.65	0.4225	
sds_2013_241_344	13241200417	290813	200417	2959.24940	14958.04655				43.4190	12.00	NaN	2.98	0.0380	0.0811	0.0348	477316238	319.0	9906	2.88				-9.74	0.4399	
sds_2013_241_345	13241200753	290813	200753	2959.36833	14958.50108				43.4628	12.00	NaN	2.98	0.0353	0.0473	0.0283	477532264	319.0	10004	2.88				-8.16	0.4323	
sds_2013_241_346	13241201129	290813	201129	2959.50494	14958.93648				44.5002	12.00	NaN	2.97	0.0385	0.0643	0.0340	477748490	319.0	10068	2.88				-6.89	0.4364	
sds_2013_241_347	13241201511	290813	201511	2959.59299	14959.17854				44.6160	12.00	NaN	2.98	0.0290	0.0358	0.0332	477970155	319.0	10202	2.88				-6.70	0.4291	
sds_2013_241_348	13241201838	290813	201838	2959.60922	14959.19863				44.2867	12.00	NaN	2.97	0.0228	0.0272	0.0285	478177336	319.0	10207	2.88				-5.41	0.4060	
sds_2013_241_349	13241202216	290813	202216	2959.61047	14959.20190				44.1126	12.00	NaN	2.98	0.0230	0.0314	0.0338	478395525	319.0	10285	2.88				-6.09	0.4406	
sds_2013_241_350	13241202554	290813	202554	2959.61113	14959.20035				44.3704	12.00	NaN	2.98	0.0231	0.0264	0.0311	478613273	319.0	10353	2.88				-4.99	0.4143	
sds_2013_241_351	13241202926	290813	202926	2959.61131	14959.20010				43.8346	12.00	NaN	2.98	0.0248	0.0252	0.0280	478825151	319.0	10354	2.88				-2.76	0.4370	
sds_2013_241_352	13241203259	290813	203259	2959.61085	14959.20022				45.4595	12.00	NaN	2.98	0.0264	0.0363	0.0345	479038629	319.0	10392	2.88				-3.15	0.4087	
sds_2013_241_353	13241203628	290813	203628	2959.61032	14959.20025				44.4472	12.00	NaN	2.97	0.0196	0.0206	0.0311	479247248	319.0	10273	2.88				-5.44	0.4227	
sds_2013_241_354	13241203955	290813	203955	2959.60986	14959.19872				44.6300	12.00	NaN	2.97	0.0256	0.0252	0.0322	479454270	319.0	10330	2.88				-14.21	0.4127	
sds_2013_241_355	13241204318	290813	204318	2959.61128	14959.19622				44.5150	12.00	NaN	2.97	0.0240	0.0259	0.0285	479657610	319.0	10315	2.88				-4.22	0.4199	
sds_2013_241_356	13241204650	290813	204650	2959.60986	14959.19386				43.8713	12.00	NaN	2.97	0.0212	0.0531	0.0319	479869894	319.0	10343	2.88				-5.02	0.4353	
sds_2013_241_357	13241205024	290813	205024	2959.61111	14959.19543				45.2014	12.00	NaN	2.97	0.0228	0.0330	0.0367	480083308	319.0	10295	2.88				-3.37	0.4189	
sds_2013_241_358	13241205352	290813	205352	2959.61075	14959.19453				45.0738	12.00	NaN	2.97	0.0254	0.0570	0.0374	480290976	319.0	10272	2.88				-4.49	0.4285	
sds_2013_241_359	13241205725	290813	205725	2959.61128	14959.19347				44.3329	12.00	NaN	2.98	0.0233	0.0435	0.0317	480504873	319.0	10272	2.88				-4.35	0.4355	
sds_2013_241_360	13241210104	290813	210104	2959.61257	14959.19048				44.0462	12.00	NaN	2.98	0.0254	0.0194	0.0293	480723557	319.0	10290	2.88				-3.78	0.4131	
sds_2013_241_361	13241210435	290813	210435	2959.61389	14959.18874				44.9116	12.00	NaN	2.98	0.0209	0.0320	0.0329	480934186	319.0	10241	2.88				-5.56	0.4293	
sds_2013_241_362	13241210814	290813	210814	2959.61387	14959.18726				45.2931	12.01	NaN	2.98	0.0215	0.0288	0.0342	481153793	319.0	10221	2.88				-9.33	0.4166	
sds_2013_241_363	13241211145	290813	211145	2959.61397	14959.18497				45.8589	12.00	NaN	2.98	0.0215	0.0227	0.0350	481364689	319.0	10199	2.88				-4.99	0.4244	
sds_2013_241_364	13241211517	290813	211517	2959.61292	14959.18831				44.7732	12.00	NaN	2.97	0.0270	0.0406	0.0350	481576017	319.0	10189	2.88				-7.85	0.4321	
sds_2013_241_365	13241211844	290813	211844	2959.61053	14959.19471				44.7245	12.00	NaN	2.98	0.0217	0.0299	0.0354	481783718	319.0	10215	2.88				-5.54	0.4423	
sds_2013_241_366	13241212204	290813	212204	2959.61027	14959.19828				44.1439	12.00	NaN	2.98	0.0244	0.0677	0.0312	481983503	319.0	10170	2.88				-6.14	0.4382	
sds_2013_241_367	13241212525	290813	212525	2959.61034	14959.20055				44.7724	12.00	NaN	2.98	0.0194	0.0210	0.0361	482184803	319.0	10322	2.88				1.27	0.4281	
sds_2013_241_368	13241212903	290813	212903	2959.60819	14959.20063				46.7219	12.00	NaN	2.97	0.0265	0.0236	0.0363	482402593	319.0	11357	2.88				7.55	0.4482	
sds_2013_241_369	13241213223	290813	213223	2959.60992	14959.20056				44.4164	12.00	NaN	2.98	0.0217	0.0367	0.0343	482602152	319.0	11502	2.88				5.97	0.4304	
sds_2013_241_370	13241213547	290813	213547	2959.60903	14959.19866				44.1012	12.00	NaN	2.98	0.0209	0.0246	0.0330	482805669	319.0	11545	2.88				7.23	0.4354	
sds_2013_241_371	13241213915	290813	213915	2959.60897	14959.19658				47.3825	12.00	NaN	2.98	0.0197	0.0209	0.0337	483014207	319.0	11591	2.88				6.02	0.4374	
sds_2013_241_372	13241214244	290813	214244	2959.60927	14959.19610				44.0580	12.00	NaN	2.97	0.0222	0.0209	0.0309	483223104	319.0	11481	2.88				5.93	0.4452	
sds_2013_241_373	13241214615	290813	214615	2959.61015	14959.19454				44.4754	12.00	NaN	2.97	0.0269	0.0228	0.0361	483434383	319.0	11554	2.88				7.14	0.4294	
sds_2013_241_374	13241214943	290813	214943	2959.60984	14959.19545				44.3491	12.00	NaN	2.98	0.0270	0.0288	0.0356	483642052	319.0	11437	2.88				4.58	0.4482	
sds_2013_241_375	13241215315	290813	215315	2959.60948	14959.19486				44.9667	12.00	NaN	2.97	0.0312	0.0270	0.0477	483853962	319.0	11466	2.88				4.79	0.4105	
sds_2013_241_376	13241215647	290813	215647	2959.61020	14959.19579				44.2782	12.00	NaN	2.97	0.0267	0.0259	0.0319	484066741	319.0	11531	2.88				7.34	0.4126	
sds_2013_241_377	13241220000	290813	220000	2959.60940	14959.19748				46.3134	12.00	NaN	2.98	0.0217	0.0338	0.0376	484259717	319.0	11570	2.88				11.25	0.4304	
sds_2013_241_378	13241220337	290813	220337	2959.60921	14959.19845				45.3147	12.00	NaN	2.98	0.0206	0.0217	0.0252	484476654	319.0	11775	2.88				5.41	0.4152	
sds_2013_241_379	13241220707	290813	220707	2959.60976	14959.19755				44.5202	12.00	NaN	2.97	0.0233	0.0468	0.0359	484686517	319.0	11558	2.88				5.30	0.4188	
sds_2013_241_380	13241221033	290813	221033	2959.60932	14959.19548				44.7442	12.00	NaN	2.98	0.0244	0.0215	0.0335	484892112	319.0	11582	2.88				4.61	0.4299	
sds_2013_241_381	13241221355	290813	221355	2959.61055	14959.19361				43.8692	12.00	NaN	2.98	0.0286	0.0199	0.0308	485094706	319.0	11465	2.88				3.37	0.4316	
sds_2013_241_382	13241221738	290813	221738	2959.61104	14959.19215				44.6612	12.00	NaN	2.98	0.0270	0.0238	0.0293	485317143	319.0	11574	2.88				4.68	0.4214	
sds_2013_241_383	13241222110	290813	222109	2959.61047	14959.19059				46.3091	12.00	NaN	2.98	0.0220	0.0246	0.0345	485528903	319.0	11521	2.88				7.02	0.4457	
sds_2013_241_384	13241222443	290813	222443	2959.61085	14959.19027				44.0492	12.00	NaN	2.97	0.0257	0.0442	0.0295	485742131	319.0	11603	2.88				5.50	0.4093	
sds_2013_241_385	13241222807	290813	222807	2959.61184	14959.18910				44.5150	12.00	NaN	2.98	0.0227	0.0390	0.0285	485946320	319.0	11557	2.88				4.71	0.4404	
sds_2013_241_386	13241223135	290813	223135	2959.61192	14959.18874				45.1010	12.00	NaN	2.98	0.0251	0.0277	0.0252	486154189	319.0	11538	2.88				4.24	0.4407	
sds_2013_241_387	13241223513	290813	223512	2959.61280	14959.18832				44.1278	12.00	NaN	2.98	0.0363	0.0233	0.0380	486371866	319.0	11527	2.88				5.53	0.4385	
sds_2013_241_388	13241223835	290813	223835	2959.61349	14959.18622				45.8128	12.00	NaN	2.98	0.0227	0.0238	0.0346	486574280	319.0	11511	2.88				5.99	0.4446	
sds_2013_241_389	13241224200	290813	224200	2959.61423	14959.18175				45.5620	12.00	NaN	2.98	0.0295	0.0660	0.0351	486779527	319.0	11460	2.88				6.37	0.4558	
sds_2013_241_390	13241224529	290813	224529	2959.61555	14959.17643				44.4792	12.00	NaN	2.98	0.0304	0.0320	0.0414	486988067	319.0	11525	2.88				4.79	0.4447	
sds_2013_241_391	13241224855	290813	224855	2959.61731	14959.17229				44.0461	12.00	NaN	2.98	0.0272	0.0295	0.0346	487194469	319.0	11405	2.88				6.08	0.4283	
sds_2013_241_392	13241225227	290813	225227	2959.61657	14959.16916				44.0451	12.00	NaN	2.98	0.0228	0.0311	0.0387	487406666	319.0	11422	2.88				3.57	0.4288	
sds_2013_241_393	13241225550	290813	225550	2959.61738	14959.16847				44.0703	12.00	NaN	2.98	0.0222	0.0306	0.0342	487609561	319.0	11492	2.88				6.06	0.4321	
sds_2013_241_394	13241225918	290813	225918	2959.61744	14959.16856				44.2438	12.00	NaN	2.98	0.0222	0.0299	0.0272	487817582	319.0	11487	2.88				6.52	0.4438	
sds_2013_241_395	13241230242	290813	230241	2959.61656	14959.17032				45.1763	12.00	NaN	2.98	0.0311	0.0511	0.0358	488020708	319.0	11532	2.88				3.77	0.4414	
sds_2013_241_396	13241230610	290813	230610	2959.61695	14959.17020				44.6209	12.00	NaN	2.98	0.0251	0.0388	0.0327	488229293	319.0	11535	2.88				5.80	0.4341	
sds_2013_241_397	13241230935	290813	230935	2959.61712	14959.17113				44.5388	12.00	NaN	2.98	0.0236	0.0295	0.0356	488434649	319.0	11604	2.88				5.22	0.4362	
sds_2013_241_398	13241231306	290813	231306	2959.61553	14959.17420				43.9178	12.00	NaN	2.98	0.0290	0.0588	0.0393	488645043	319.0	11528	2.88				5.33	0.4269	
sds_2013_241_399	13241231627	290813	231626	2959.61402	14959.17755				45.1178	11.99	NaN	2.98	0.0249	0.0374	0.0387	488845901	319.0	11665	2.88				6.63	0.4352	
sds_2013_241_400	13241231949	290813	231948	2959.61541	14959.18241				43.8476	12.00	NaN	2.98	0.0316	0.0924	0.0408	489047839	319.0	11661	2.88				5.76	0.4540	
sds_2013_241_401	13241232327	290813	232327	2959.61462	14959.18733				44.3205	12.00	NaN	2.98	0.0230	0.0421	0.0312	489266625	319.0	11518	2.88				5.72	0.4073	
sds_2013_241_402	13241232707	290813	232707	2959.61441	14959.19048				44.3142	12.00	NaN	2.98	0.0231	0.0418	0.0372	489486103	319.0	11615	2.88				6.85	0.4548	
sds_2013_241_403	13241233048	290813	233048	2959.61316	14959.19137				44.7534	12.00	NaN	2.98	0.0238	0.0316	0.0353	489707360	319.0	11604	2.88				4.59	0.4341	
sds_2013_241_404	13241233427	290813	233427	2959.61354	14959.19227				44.0893	12.00	NaN	2.98	0.0235	0.0236	0.0291	489925926	319.0	11625	2.88				3.87	0.4304	
sds_2013_241_405	13241233749	290813	233748	2959.61385	14959.19254				44.3844	12.00	NaN	2.98	0.0254	0.0502	0.0327	490127846	319.0	11530	2.88				5.73	0.4365	
sds_2013_241_406	13241234115	290813	234115	2959.61395	14959.19257				44.2028	12.00	NaN	2.98	0.0479	0.0432	0.0314	490334586	319.0	11630	2.88				5.03	0.3846	
sds_2013_241_407	13241234439	290813	234439	2959.61438	14959.19199				45.0474	12.00	NaN	2.98	0.0262	0.0272	0.0346	490537982	319.0	11605	2.88				5.54	0.3851	
sds_2013_241_408	13241234759	290813	234758	2959.61420	14959.19126				44.6040	12.00	NaN	2.98	0.0298	0.0452	0.0330	490737775	319.0	11547	2.88				1.39	0.3796	
sds_2013_241_409	13241235128	290813	235128	2959.61427	14959.19071				45.3740	12.00	NaN	2.98	0.0223	0.0588	0.0312	490947668	319.0	11562	2.88				3.35	0.3877	
sds_2013_241_410	13241235452	290813	235452	2959.61473	14959.18962				44.8952	12.00	NaN	2.98	0.0219	0.0369	0.0335	491150974	319.0	11457	2.88				2.40	0.3857	
sds_2013_241_411	13241235819	290813	235819	2959.61456	14959.18673				44.2662	12.00	NaN	2.98	0.0272	0.0215	0.0325	491358651	319.0	11510	2.88				5.69	0.3901	
