FILE	computerUTC	DMY	HMS	LAT	LON	CONDUCTIVITY	SALINITY	OCEAN TEMP	BULK RED	STREAM PRESSURE	FILTER PRESSURE	MACHINE TEMP	Xaccel	Yaccel	Zaccel	MILLISECOND TIMER	LASER POWER	EVENT RATE	FLOW METER	position	CHL	LIGHT TRANS	ACQ ERROR	D1/D2	PAR
sds_2013_287_2	13287005952	141013	005952	3402.4616	12752.1613				44.1174	11.80	NaN	3.00	0.0552	0.0193	0.0450	465213695	319.0	5020	2.85				-25.42	0.7930	
sds_2013_287_3	13287010253	141013	010253	3402.7054	12751.6797				45.8434	12.03	NaN	3.00	0.0516	0.0185	0.0461	465393808	319.0	4962	2.85				-13.80	0.8071	
sds_2013_287_4	13287010553	141013	010553	3402.9450	12751.1940				45.5731	12.00	NaN	3.00	0.0413	0.0206	0.0476	465574108	319.0	5000	2.85				-8.66	0.8220	
sds_2013_287_5	13287010853	141013	010853	3403.1744	12750.6967				44.8502	12.02	NaN	3.00	0.0463	0.0167	0.0432	465754598	319.0	4956	2.85				-4.90	0.8051	
sds_2013_287_6	13287011027	141013	011027	3403.2946	12750.4365				45.5233	11.99	NaN	3.00	0.0456	0.0168	0.0443	465848596	319.0	5062	2.85				-1.28	0.8414	
sds_2013_287_7	13287011327	141013	011327	3403.5235	12749.9446				45.3969	11.99	NaN	3.00	0.0541	0.0193	0.0484	466028520	319.0	5692	2.85				6.53	0.8174	
sds_2013_287_8	13287011628	141013	011627	3403.7534	12749.4546				44.7686	12.00	NaN	3.00	0.0416	0.0215	0.0426	466208703	319.0	5759	2.85				5.36	0.7838	
sds_2013_287_9	13287011928	141013	011928	3403.9799	12748.9723				48.0325	11.99	NaN	3.00	0.0549	0.0272	0.0431	466389058	319.0	5823	2.85				5.02	0.7820	
sds_2013_287_10	13287012228	141013	012228	3404.2063	12748.4882				48.9029	11.99	NaN	3.00	0.0482	0.0193	0.0458	466569370	319.0	5925	2.85				7.03	0.7948	
sds_2013_287_11	13287012528	141013	012528	3404.4311	12748.0026				54.7047	11.99	NaN	3.00	0.0426	0.0157	0.0484	466749349	319.0	6080	2.85				8.25	0.8091	
sds_2013_287_12	13287012828	141013	012828	3404.6576	12747.5091				60.1142	12.00	NaN	3.00	0.0469	0.0201	0.0507	466929625	319.0	6189	2.85				10.20	0.8215	
sds_2013_287_13	13287013129	141013	013129	3404.8844	12747.0185				75.4182	12.01	NaN	3.00	0.0439	0.0185	0.0516	467109951	319.0	6283	2.85				9.87	0.8303	
sds_2013_287_14	13287013429	141013	013429	3405.1156	12746.5248				152.5343	12.00	NaN	3.00	0.0466	0.0214	0.0486	467290238	319.0	6986	2.85				25.78	0.7970	
sds_2013_287_15	13287013729	141013	013729	3405.3466	12746.0353				17.1389	12.04	NaN	3.00	0.0524	0.0222	0.0505	467470567	0.0	10759	2.85				-1981.09	0.4902	
sds_2013_287_16	13287014835	141013	014835	3406.2276	12744.2234				47.9618	4.36	NaN	3.00	0.0575	0.0314	0.0656	468136490	319.0	613	2.85				61.89	0.4910	
sds_2013_287_17	13287015135	141013	015135	3406.4639	12743.7374				44.8460	11.99	NaN	3.00	0.0411	0.0162	0.0513	468316576	319.0	6142	2.84				13.05	0.7543	
sds_2013_287_18	13287015436	141013	015436	3406.7017	12743.2538				44.1844	11.97	NaN	3.00	0.0481	0.0196	0.0437	468496822	319.0	5982	2.84				9.03	0.7606	
sds_2013_287_19	13287015736	141013	015736	3406.9408	12742.7712				44.0074	11.98	NaN	3.00	0.0610	0.0228	0.0458	468676849	319.0	5835	2.83				5.97	0.7623	
sds_2013_287_20	13287020036	141013	020036	3407.1809	12742.2890				44.2982	12.01	NaN	3.00	0.0490	0.0217	0.0513	468857079	319.0	5859	2.83				7.66	0.7653	
sds_2013_287_21	13287020336	141013	020336	3407.4230	12741.8032				77.1616	11.98	NaN	2.99	0.0489	0.0249	0.0468	469037346	319.0	5992	2.83				10.61	0.7670	
sds_2013_287_22	13287020636	141013	020636	3407.6649	12741.3204				45.5938	11.99	NaN	3.00	0.0424	0.0162	0.0477	469217439	319.0	5905	2.84				9.04	0.7859	
sds_2013_287_23	13287020936	141013	020936	3407.9071	12740.8381				44.1182	11.99	NaN	2.99	0.0542	0.0257	0.0463	469397659	319.0	5843	2.84				5.51	0.7990	
sds_2013_287_24	13287021237	141013	021237	3408.1493	12740.3597				44.2224	11.99	NaN	2.99	0.0440	0.0204	0.0447	469577977	319.0	5611	2.84				2.66	0.7869	
sds_2013_287_25	13287021537	141013	021537	3408.4349	12739.7848				44.2008	12.00	NaN	3.00	0.0502	0.0165	0.0528	469758231	319.0	5710	2.85				4.17	0.7703	
sds_2013_287_26	13287021837	141013	021837	3408.6739	12739.2976				45.9329	12.00	NaN	2.99	0.0477	0.0170	0.0400	469938578	319.0	5735	2.84				6.05	0.7706	
sds_2013_287_27	13287022138	141013	022138	3408.9134	12738.8072				49.2142	11.98	NaN	3.00	0.0471	0.0165	0.0583	470118830	319.0	5770	2.84				4.92	0.7593	
sds_2013_287_28	13287022438	141013	022438	3409.1533	12738.3164				44.1584	12.02	NaN	3.00	0.0473	0.0251	0.0443	470299110	319.0	5787	2.84				4.96	0.7656	
sds_2013_287_29	13287022738	141013	022738	3409.3945	12737.8223				45.0495	12.11	NaN	3.00	0.0500	0.0214	0.0455	470479084	319.0	5728	2.84				3.63	0.7654	
sds_2013_287_30	13287023038	141013	023038	3409.6339	12737.3336				44.5414	11.98	NaN	3.00	0.0536	0.0220	0.0486	470659394	319.0	5638	2.85				0.82	0.7804	
sds_2013_287_31	13287023338	141013	023338	3409.8728	12736.8453				44.2670	11.96	NaN	3.00	0.0581	0.0193	0.0431	470839726	319.0	5623	2.85				1.82	0.7734	
sds_2013_287_32	13287023639	141013	023639	3410.1112	12736.3594				45.1369	11.99	NaN	3.00	0.0570	0.0170	0.0431	471020080	319.0	5711	2.85				3.22	0.7858	
sds_2013_287_33	13287023939	141013	023939	3410.3494	12735.8787				43.9331	12.00	NaN	3.00	0.0426	0.0228	0.0474	471200014	319.0	5757	2.85				2.80	0.7778	
sds_2013_287_34	13287024239	141013	024239	3410.5882	12735.3964				45.5678	12.00	NaN	3.00	0.0448	0.0212	0.0461	471380436	319.0	5699	2.85				2.77	0.7922	
sds_2013_287_35	13287024539	141013	024539	3410.8246	12734.9168				44.3432	11.98	NaN	3.00	0.0497	0.0193	0.0439	471560431	319.0	5648	2.85				2.39	0.7972	
sds_2013_287_36	13287024840	141013	024839	3410.9754	12734.6107				45.0622	12.01	NaN	3.00	0.0440	0.0227	0.0434	471674711	319.0	5689	2.86				3.10	0.8135	
sds_2013_287_37	13287025140	141013	025140	3411.2155	12734.1291				45.1577	11.99	NaN	3.01	0.0520	0.0259	0.0421	471854861	319.0	5766	2.85				3.07	0.7230	
sds_2013_287_38	13287025440	141013	025440	3411.4589	12733.6389				45.2241	12.02	NaN	3.01	0.0465	0.0165	0.0445	472035208	319.0	5744	2.86				4.38	0.6760	
sds_2013_287_39	13287025740	141013	025740	3411.7001	12733.1530				45.3960	11.99	NaN	3.01	0.0479	0.0193	0.0481	472215509	319.0	5736	2.85				3.76	0.6794	
sds_2013_287_40	13287030040	141013	030040	3411.9401	12732.6677				45.8010	12.00	NaN	3.01	0.0440	0.0188	0.0484	472395573	319.0	5666	2.85				1.30	0.6970	
sds_2013_287_41	13287030341	141013	030341	3412.1796	12732.1880				45.2730	11.99	NaN	3.01	0.0576	0.0215	0.0513	472576147	319.0	5693	2.86				1.48	0.6777	
sds_2013_287_42	13287030641	141013	030641	3412.4235	12731.7029				44.2999	11.98	NaN	3.01	0.0552	0.0204	0.0589	472755966	319.0	5657	2.86				2.42	0.7035	
sds_2013_287_43	13287030941	141013	030941	3412.6654	12731.2184				44.7243	12.01	NaN	3.01	0.0511	0.0246	0.0499	472936521	319.0	5743	2.86				3.39	0.7108	
sds_2013_287_44	13287031241	141013	031241	3412.9100	12730.7303				44.9220	11.97	NaN	3.01	0.0573	0.0254	0.0455	473116680	319.0	5818	2.86				5.19	0.7336	
sds_2013_287_45	13287031542	141013	031542	3413.1542	12730.2389				44.1457	12.03	NaN	3.01	0.0547	0.0201	0.0565	473296915	319.0	5920	2.86				4.99	0.8481	
sds_2013_287_46	13287031842	141013	031842	3413.3988	12729.7428				44.7842	11.96	NaN	3.01	0.0513	0.0236	0.0537	473477111	319.0	5853	2.86				4.40	0.8273	
sds_2013_287_47	13287032142	141013	032142	3413.6391	12729.2457				44.2348	12.00	NaN	3.01	0.0581	0.0175	0.0473	473657397	319.0	5755	2.86				2.99	0.8228	
sds_2013_287_48	13287032442	141013	032442	3413.8795	12728.7467				44.3625	11.98	NaN	3.01	0.0455	0.0233	0.0443	473837526	319.0	5848	2.86				4.18	0.8344	
sds_2013_287_49	13287032743	141013	032742	3414.1210	12728.2536				44.4900	12.00	NaN	3.01	0.0453	0.0201	0.0490	474017751	319.0	5740	2.86				-0.44	0.8080	
sds_2013_287_50	13287033043	141013	033043	3414.4140	12727.6636				43.7211	12.04	NaN	3.01	0.0463	0.0181	0.0466	474198295	319.0	5544	2.86				-1.25	0.8131	
sds_2013_287_51	13287033343	141013	033343	3414.6581	12727.1706				44.1904	12.00	NaN	3.01	0.0528	0.0238	0.0654	474378478	319.0	5604	2.86				2.00	0.8245	
sds_2013_287_52	13287033643	141013	033643	3414.9062	12726.6711				44.1287	12.01	NaN	3.01	0.0539	0.0204	0.0418	474558566	319.0	5686	2.86				1.51	0.7424	
sds_2013_287_53	13287033943	141013	033943	3415.1559	12726.1672				45.2763	12.00	NaN	3.01	0.0549	0.0241	0.0503	474738771	319.0	5688	2.86				2.22	0.7598	
sds_2013_287_54	13287034244	141013	034244	3415.4025	12725.6647				44.6934	12.01	NaN	3.01	0.0693	0.0243	0.0513	474918910	319.0	5676	2.86				2.40	0.7618	
sds_2013_287_55	13287034544	141013	034544	3415.6469	12725.1612				43.8628	11.98	NaN	3.01	0.0539	0.0230	0.0589	475099182	319.0	5652	2.86				0.49	0.7661	
sds_2013_287_56	13287034844	141013	034844	3415.8936	12724.6510				45.2515	11.98	NaN	3.01	0.0690	0.0189	0.0463	475279375	319.0	5677	2.86				-0.29	0.7487	
sds_2013_287_57	13287035144	141013	035144	3416.1378	12724.1450				45.0884	12.00	NaN	3.01	0.0568	0.0261	0.0393	475459626	319.0	5700	2.86				2.55	0.7524	
sds_2013_287_58	13287035444	141013	035444	3416.3830	12723.6325				45.5425	12.01	NaN	3.01	0.0562	0.0181	0.0536	475639652	319.0	5724	2.86				2.11	0.7804	
sds_2013_287_59	13287035745	141013	035745	3416.6284	12723.1157				44.9765	12.00	NaN	3.01	0.0397	0.0202	0.0497	475820211	319.0	5779	2.86				3.85	0.7793	
sds_2013_287_60	13287040045	141013	040045	3416.8685	12722.6000				45.1307	12.01	NaN	3.01	0.0424	0.0165	0.0468	476000317	319.0	5712	2.86				1.93	0.8193	
sds_2013_287_61	13287040345	141013	040345	3417.1050	12722.0841				44.3617	11.97	NaN	3.01	0.0499	0.0241	0.0494	476180565	319.0	5690	2.86				1.27	0.7991	
sds_2013_287_62	13287040645	141013	040645	3417.3388	12721.5706				43.0409	11.98	NaN	3.01	0.0531	0.0185	0.0468	476360700	319.0	5660	2.86				-0.83	0.8096	
sds_2013_287_63	13287040946	141013	040946	3417.5760	12721.0533				44.0259	11.99	NaN	3.01	0.0495	0.0298	0.0571	476540972	319.0	5652	2.86				0.35	0.7881	
sds_2013_287_64	13287041246	141013	041246	3417.8137	12720.5316				44.5859	11.98	NaN	3.01	0.0634	0.0319	0.0437	476721277	319.0	5678	2.86				1.32	0.7612	
sds_2013_287_65	13287041546	141013	041546	3418.0509	12720.0153				43.6268	12.04	NaN	3.01	0.0486	0.0178	0.0393	476901551	319.0	5701	2.86				0.83	0.7970	
sds_2013_287_66	13287041846	141013	041846	3418.2895	12719.4984				44.3072	11.99	NaN	3.01	0.0524	0.0251	0.0458	477081521	319.0	5659	2.86				-0.52	0.8098	
sds_2013_287_67	13287042147	141013	042147	3418.5279	12718.9845				44.7160	11.99	NaN	3.01	0.0534	0.0244	0.0494	477261936	319.0	5646	2.86				-0.20	0.8156	
sds_2013_287_68	13287042447	141013	042447	3418.7682	12718.4788				44.2720	11.99	NaN	3.01	0.0450	0.0173	0.0542	477441907	319.0	5618	2.86				-0.55	0.8062	
sds_2013_287_69	13287042747	141013	042747	3419.0080	12717.9718				43.9092	11.99	NaN	3.01	0.0570	0.0230	0.0520	477622490	319.0	5490	2.86				-2.16	0.7437	
sds_2013_287_70	13287043047	141013	043047	3419.2436	12717.4712				44.1315	11.99	NaN	3.01	0.0466	0.0197	0.0489	477802408	319.0	5501	2.86				-3.06	0.7806	
sds_2013_287_71	13287043347	141013	043347	3419.4797	12716.9681				43.8092	11.99	NaN	3.01	0.0465	0.0189	0.0466	477982668	319.0	5449	2.86				-4.33	0.7483	
sds_2013_287_72	13287043648	141013	043648	3419.7165	12716.4657				43.4261	12.05	NaN	3.01	0.0503	0.0188	0.0461	478162988	319.0	5394	2.86				-3.59	0.8451	
sds_2013_287_73	13287043948	141013	043948	3419.9514	12715.9628				44.0829	11.99	NaN	3.01	0.0545	0.0199	0.0448	478343335	319.0	5421	2.86				-1.29	0.7565	
sds_2013_287_74	13287044249	141013	044249	3420.1879	12715.4618				44.1193	11.99	NaN	3.01	0.0439	0.0228	0.0469	478523536	319.0	5405	2.86				-2.41	0.8411	
sds_2013_287_75	13287044549	141013	044548	3420.4656	12714.8670				43.2011	11.99	NaN	3.01	0.0528	0.0201	0.0482	478703782	319.0	5513	2.85				-1.00	0.8413	
sds_2013_287_76	13287044849	141013	044849	3420.6992	12714.3667				44.3573	12.00	NaN	3.01	0.0647	0.0283	0.0474	478884020	319.0	5572	2.85				-0.02	0.8590	
sds_2013_287_77	13287045149	141013	045149	3420.9299	12713.8689				44.0085	12.01	NaN	3.01	0.0468	0.0291	0.0503	479064262	319.0	5533	2.85				-0.11	0.8523	
sds_2013_287_78	13287045450	141013	045450	3421.1636	12713.3704				45.0374	12.01	NaN	3.01	0.0461	0.0296	0.0484	479244547	319.0	5560	2.85				-1.44	0.8567	
sds_2013_287_79	13287045750	141013	045750	3421.3914	12712.8758				44.1484	12.00	NaN	3.01	0.0471	0.0225	0.0463	479425070	319.0	5493	2.85				-1.21	0.8567	
sds_2013_287_80	13287050050	141013	050050	3421.6188	12712.3811				45.1622	12.00	NaN	3.01	0.0471	0.0191	0.0544	479605330	319.0	5520	2.85				-0.47	0.8580	
sds_2013_287_81	13287050350	141013	050350	3421.8482	12711.8855				43.8309	11.99	NaN	3.01	0.0575	0.0227	0.0516	479785347	319.0	5500	2.85				-0.59	0.8395	
sds_2013_287_82	13287050650	141013	050650	3422.0800	12711.3865				44.6851	11.98	NaN	3.01	0.0571	0.0217	0.0424	479965622	319.0	5514	2.85				-1.73	0.7584	
sds_2013_287_83	13287050951	141013	050951	3422.3091	12710.8969				44.5090	12.01	NaN	3.01	0.0576	0.0225	0.0566	480145903	319.0	5567	2.85				-0.58	0.7596	
sds_2013_287_84	13287051251	141013	051251	3422.5408	12710.3994				44.6690	12.02	NaN	3.01	0.0471	0.0225	0.0767	480326137	319.0	5539	2.85				-0.84	0.7960	
sds_2013_287_85	13287051551	141013	051551	3422.7748	12709.8998				46.1328	12.01	NaN	3.01	0.0573	0.0183	0.0605	480506603	319.0	5604	2.85				1.21	0.7773	
sds_2013_287_86	13287051851	141013	051851	3423.0152	12709.4012				44.7291	11.98	NaN	3.01	0.0495	0.0235	0.0544	480686688	319.0	5520	2.85				0.66	0.8021	
sds_2013_287_87	13287052152	141013	052152	3423.2550	12708.9027				45.8373	12.19	NaN	3.01	0.0414	0.0196	0.0544	480867148	319.0	5568	2.85				-4.44	0.7847	
sds_2013_287_88	13287052452	141013	052452	3423.4931	12708.4033				44.3277	11.97	NaN	3.01	0.0626	0.0215	0.0477	481047203	319.0	5445	2.85				-2.00	0.7694	
sds_2013_287_89	13287052752	141013	052752	3423.7303	12707.9010				45.2386	12.03	NaN	3.02	0.0495	0.0207	0.0563	481227398	319.0	5430	2.86				-4.09	0.7881	
sds_2013_287_90	13287053052	141013	053052	3423.9679	12707.4006				44.2096	11.98	NaN	3.02	0.0476	0.0210	0.0500	481407687	319.0	5408	2.86				-4.28	0.7948	
sds_2013_287_91	13287053353	141013	053352	3424.2037	12706.8989				44.8484	11.97	NaN	3.02	0.0633	0.0236	0.0552	481587797	319.0	5435	2.86				-2.80	0.8016	
sds_2013_287_92	13287053653	141013	053652	3424.4351	12706.3979				44.7541	11.95	NaN	3.02	0.0486	0.0219	0.0597	481767805	319.0	5457	2.86				-2.15	0.7887	
sds_2013_287_93	13287053953	141013	053953	3424.6582	12705.8896				47.7607	11.57	NaN	3.02	0.0463	0.0202	0.0413	481948052	319.0	5672	2.86				3.82	0.7888	
sds_2013_287_94	13287054253	141013	054253	3424.8764	12705.3825				49.3511	12.00	NaN	3.02	0.0542	0.0214	0.0437	482128317	319.0	5884	2.86				9.19	0.8197	
sds_2013_287_95	13287054553	141013	054553	3425.1177	12704.8977				53.7388	11.99	NaN	3.02	0.0539	0.0301	0.0575	482308558	319.0	6934	2.86				23.20	0.7997	
sds_2013_287_96	13287054854	141013	054854	3425.3620	12704.4184				53.3518	12.00	NaN	3.02	0.0529	0.0217	0.0505	482488980	319.0	7419	2.86				25.22	0.8174	
sds_2013_287_97	13287055154	141013	055154	3425.6134	12703.9382				52.5319	11.99	NaN	3.02	0.0497	0.0311	0.0458	482668967	319.0	7475	2.86				23.74	0.8065	
sds_2013_287_98	13287055454	141013	055454	3425.8648	12703.4516				51.3924	11.99	NaN	3.02	0.0550	0.0220	0.0516	482849505	319.0	7437	2.86				22.60	0.8151	
sds_2013_287_99	13287055754	141013	055754	3426.1073	12702.9669				49.6970	11.99	NaN	3.03	0.0560	0.0220	0.0414	483029615	319.0	7243	2.86				21.59	0.7904	
sds_2013_287_100	13287060054	141013	060054	3426.3984	12702.3978				50.8289	11.99	NaN	3.03	0.0511	0.0202	0.0748	483209774	319.0	7266	2.86				21.02	0.8368	
sds_2013_287_101	13287060355	141013	060355	3426.6432	12701.9235				51.1458	12.00	NaN	3.03	0.0521	0.0272	0.0473	483390048	319.0	7355	2.86				21.41	0.8154	
sds_2013_287_102	13287060655	141013	060655	3426.8819	12701.4523				50.9098	12.01	NaN	3.03	0.0570	0.0222	0.0524	483570175	319.0	7178	2.86				18.67	0.8081	
sds_2013_287_103	13287060955	141013	060955	3427.1171	12700.9841				49.9795	12.01	NaN	3.03	0.0516	0.0285	0.0516	483750636	319.0	6970	2.86				16.86	0.8075	
sds_2013_287_104	13287061256	141013	061256	3427.3517	12700.5144				48.9349	12.00	NaN	3.03	0.0804	0.0314	0.0497	483931015	319.0	6865	2.86				16.48	0.8116	
sds_2013_287_105	13287061556	141013	061556	3427.5828	12700.0453				50.8639	12.00	NaN	3.03	0.0554	0.0194	0.0469	484111140	319.0	6900	2.86				16.47	0.8323	
sds_2013_287_106	13287061856	141013	061856	3427.8124	12659.5759				51.8814	11.99	NaN	3.03	0.0503	0.0220	0.0486	484291147	319.0	6821	2.86				15.02	0.8241	
sds_2013_287_107	13287062156	141013	062156	3428.0390	12659.1087				48.7243	11.91	NaN	3.03	0.0511	0.0202	0.0507	484471447	319.0	6432	2.86				8.30	0.8751	
sds_2013_287_108	13287062456	141013	062456	3428.2607	12658.6434				49.1540	11.99	NaN	3.03	0.0563	0.0235	0.0486	484651814	319.0	6201	2.86				5.95	0.8794	
sds_2013_287_109	13287062756	141013	062756	3428.4829	12658.1737				47.3811	12.01	NaN	3.03	0.0490	0.0194	0.0416	484831736	319.0	6117	2.86				4.23	0.8832	
sds_2013_287_110	13287063057	141013	063057	3428.7017	12657.7037				49.2950	12.02	NaN	3.03	0.0424	0.0181	0.0461	485012080	319.0	6154	2.86				6.51	0.8254	
sds_2013_287_111	13287063357	141013	063357	3428.9174	12657.2308				48.5725	11.98	NaN	3.03	0.0494	0.0204	0.0536	485192297	319.0	6191	2.86				6.58	0.7723	
sds_2013_287_112	13287063657	141013	063657	3429.1336	12656.7533				47.7133	12.00	NaN	3.03	0.0534	0.0209	0.0408	485372406	319.0	6124	2.86				6.71	0.8063	
sds_2013_287_113	13287063958	141013	063958	3429.3487	12656.2744				49.1070	12.00	NaN	3.03	0.0481	0.0175	0.0453	485553002	319.0	6099	2.86				4.79	0.7582	
sds_2013_287_114	13287064258	141013	064258	3429.5637	12655.7929				49.1463	11.99	NaN	3.03	0.0492	0.0194	0.0571	485732892	319.0	6117	2.86				4.54	0.7703	
sds_2013_287_115	13287064558	141013	064558	3429.7788	12655.3114				49.0132	12.00	NaN	3.03	0.0613	0.0248	0.0456	485913088	319.0	6306	2.86				8.89	0.7197	
sds_2013_287_116	13287064858	141013	064858	3429.9975	12654.8277				51.3810	11.99	NaN	3.03	0.0576	0.0197	0.0558	486093455	319.0	6416	2.86				9.32	0.7528	
sds_2013_287_117	13287065159	141013	065159	3430.2164	12654.3460				50.0884	11.97	NaN	3.03	0.0610	0.0223	0.0479	486273749	319.0	6480	2.86				10.28	0.7501	
sds_2013_287_118	13287065459	141013	065459	3430.4397	12653.8659				49.3838	12.00	NaN	3.03	0.0620	0.0180	0.0487	486454247	319.0	6421	2.85				9.66	0.7517	
sds_2013_287_119	13287065759	141013	065759	3430.6644	12653.3734				50.8275	12.02	NaN	3.03	0.0466	0.0191	0.0508	486634253	319.0	6418	2.86				9.15	0.7786	
sds_2013_287_120	13287070059	141013	070059	3430.8914	12652.8731				49.8406	11.99	NaN	3.03	0.0513	0.0189	0.0500	486814390	319.0	6307	2.86				5.56	0.7632	
sds_2013_287_121	13287070359	141013	070359	3431.1226	12652.3665				49.7281	11.98	NaN	3.03	0.0583	0.0207	0.0453	486994711	319.0	6270	2.86				5.57	0.7579	
sds_2013_287_122	13287070700	141013	070700	3431.3604	12651.8596				51.0386	12.00	NaN	3.03	0.0545	0.0207	0.0515	487174937	319.0	6374	2.86				9.54	0.7828	
sds_2013_287_123	13287071000	141013	071000	3431.6006	12651.3593				51.4659	11.99	NaN	3.04	0.0495	0.0222	0.0550	487355596	319.0	6913	2.86				17.87	0.9001	
sds_2013_287_124	13287071300	141013	071300	3431.8836	12650.7667				52.4148	11.99	NaN	3.03	0.0468	0.0191	0.0427	487535570	319.0	6947	2.86				15.39	0.8412	
sds_2013_287_125	13287071601	141013	071601	3432.1246	12650.2747				53.5044	11.99	NaN	3.03	0.0602	0.0214	0.0586	487715963	319.0	6875	2.86				14.89	0.8289	
sds_2013_287_126	13287071901	141013	071901	3432.3669	12649.7835				51.5704	11.99	NaN	3.03	0.0600	0.0233	0.0518	487895855	319.0	7084	2.85				16.32	0.8331	
sds_2013_287_127	13287072201	141013	072201	3432.6088	12649.2970				53.2454	12.00	NaN	3.04	0.0649	0.0214	0.0591	488076174	319.0	7076	2.86				16.61	0.8384	
sds_2013_287_128	13287072501	141013	072501	3432.8541	12648.8075				53.2136	11.99	NaN	3.04	0.0610	0.0210	0.0576	488256466	319.0	7073	2.86				16.72	0.8301	
sds_2013_287_129	13287072802	141013	072802	3433.0984	12648.3193				55.1424	12.00	NaN	3.04	0.0520	0.0209	0.0421	488436914	319.0	7211	2.86				18.77	0.8610	
sds_2013_287_130	13287073102	141013	073102	3433.3445	12647.8235				55.2475	11.98	NaN	3.04	0.0521	0.0207	0.0450	488616854	319.0	7266	2.86				19.76	0.8375	
sds_2013_287_131	13287073402	141013	073402	3433.5904	12647.3349				54.0229	12.01	NaN	3.04	0.0668	0.0238	0.0537	488797244	319.0	7338	2.86				17.83	0.8347	
sds_2013_287_132	13287073702	141013	073702	3433.8405	12646.8451				54.3468	11.99	NaN	3.04	0.0586	0.0225	0.0528	488977544	319.0	7266	2.86				18.49	0.8436	
sds_2013_287_133	13287074002	141013	074002	3434.0956	12646.3517				54.9609	11.99	NaN	3.04	0.0581	0.0217	0.0463	489157694	319.0	7169	2.86				17.45	0.8154	
sds_2013_287_134	13287074303	141013	074303	3434.3544	12645.8715				53.6101	12.00	NaN	3.04	0.0628	0.0241	0.0528	489338020	319.0	7076	2.86				12.70	0.8394	
sds_2013_287_135	13287074603	141013	074603	3434.6127	12645.3910				53.0503	11.99	NaN	3.04	0.0482	0.0225	0.0563	489518129	319.0	6797	2.86				11.66	0.8339	
sds_2013_287_136	13287074903	141013	074903	3434.7721	12645.0922				51.4091	12.01	NaN	3.04	0.0605	0.0217	0.0521	489629460	319.0	6770	2.86				10.69	0.8276	
sds_2013_287_137	13287075204	141013	075204	3435.0296	12644.6025				52.7132	11.99	NaN	3.04	0.0511	0.0172	0.0581	489809832	319.0	6788	2.86				11.62	0.8260	
sds_2013_287_138	13287075504	141013	075504	3435.2832	12644.1161				51.0916	11.99	NaN	3.04	0.0565	0.0267	0.0600	489989822	319.0	6726	2.86				10.06	0.8320	
sds_2013_287_139	13287075804	141013	075804	3435.5385	12643.6257				50.2203	12.04	NaN	3.04	0.0665	0.0277	0.0560	490170197	319.0	6624	2.86				7.84	0.8340	
sds_2013_287_140	13287080104	141013	080104	3435.7929	12643.1351				49.9481	11.98	NaN	3.04	0.0688	0.0199	0.0578	490350465	319.0	6460	2.86				6.12	0.8101	
sds_2013_287_141	13287080404	141013	080404	3436.0481	12642.6385				48.3790	11.99	NaN	3.04	0.0602	0.0235	0.0541	490530495	319.0	6394	2.86				6.17	0.8314	
sds_2013_287_142	13287080705	141013	080704	3436.2829	12642.1322				49.5905	11.99	NaN	3.04	0.0723	0.0231	0.0447	490710775	319.0	6352	2.86				5.06	0.8076	
sds_2013_287_143	13287081005	141013	081005	3436.4863	12641.6029				49.4147	12.00	NaN	3.04	0.0544	0.0193	0.0510	490890965	319.0	6295	2.86				4.36	0.8182	
sds_2013_287_144	13287081305	141013	081305	3436.6699	12641.0731				47.9923	12.00	NaN	3.04	0.0468	0.0199	0.0539	491071210	319.0	6248	2.86				2.17	0.8164	
sds_2013_287_145	13287081605	141013	081605	3436.8428	12640.5362				48.0011	11.98	NaN	3.04	0.0494	0.0207	0.0473	491251413	319.0	5997	2.86				0.53	0.8225	
sds_2013_287_146	13287081905	141013	081905	3436.9827	12639.9855				48.0293	12.00	NaN	3.04	0.0887	0.0286	0.0599	491431591	319.0	6017	2.86				-0.72	0.7927	
sds_2013_287_147	13287082206	141013	082206	3437.1287	12639.5257				48.2836	12.02	NaN	3.04	0.0523	0.0290	0.0466	491612145	319.0	6045	2.86				1.06	0.8237	
sds_2013_287_148	13287082506	141013	082506	3437.2019	12639.4654				48.5367	12.03	NaN	3.04	0.0413	0.0248	0.0923	491792414	319.0	6221	2.86				2.69	0.8336	
sds_2013_287_149	13287082806	141013	082806	3437.2141	12639.4343				50.1052	12.04	NaN	3.04	0.0392	0.0241	0.0989	491972628	319.0	6117	2.86				2.52	0.8568	
sds_2013_287_150	13287083107	141013	083107	3437.2187	12639.4457				48.0830	12.01	NaN	3.04	0.0379	0.0259	0.0727	492153001	319.0	6108	2.86				1.82	0.8562	
sds_2013_287_151	13287083407	141013	083407	3437.2169	12639.4503				48.3268	12.00	NaN	3.04	0.0421	0.0252	0.0558	492332946	319.0	6067	2.86				0.16	0.8600	
sds_2013_287_152	13287083707	141013	083707	3437.2186	12639.4448				48.7303	11.99	NaN	3.03	0.0403	0.0230	0.0741	492513301	319.0	6141	2.86				2.25	0.8655	
sds_2013_287_153	13287084008	141013	084008	3437.2165	12639.4320				47.5043	12.00	NaN	3.03	0.0329	0.0288	0.0732	492693812	319.0	6160	2.87				0.72	0.8477	
sds_2013_287_154	13287084308	141013	084307	3437.2193	12639.4362				47.5550	12.00	NaN	3.04	0.0398	0.0257	0.0787	492873823	319.0	6150	2.86				1.08	0.8555	
sds_2013_287_155	13287084608	141013	084608	3437.2170	12639.4321				53.8619	12.00	NaN	3.04	0.0346	0.0261	0.0599	493053980	319.0	6119	2.86				2.37	0.8539	
sds_2013_287_156	13287084908	141013	084908	3437.2184	12639.4347				47.9941	12.00	NaN	3.03	0.0401	0.0304	0.0882	493234381	319.0	6145	2.86				1.65	0.8827	
sds_2013_287_157	13287085208	141013	085208	3437.2192	12639.4325				47.3819	11.99	NaN	3.04	0.0388	0.0320	0.0728	493414544	319.0	6108	2.86				3.61	0.8823	
sds_2013_287_158	13287085508	141013	085508	3437.2188	12639.4348				47.2521	12.00	NaN	3.04	0.0405	0.0308	0.0766	493594769	319.0	6143	2.86				1.16	0.8970	
sds_2013_287_159	13287085809	141013	085809	3437.2197	12639.4311				50.2234	12.02	NaN	3.03	0.0380	0.0235	0.0683	493774998	319.0	6200	2.86				1.97	0.7761	
sds_2013_287_160	13287090109	141013	090109	3437.2199	12639.4345				49.3429	11.99	NaN	3.04	0.0351	0.0301	0.0791	493955326	319.0	6170	2.86				1.67	0.8123	
sds_2013_287_161	13287090409	141013	090409	3437.2190	12639.4347				47.8305	12.00	NaN	3.03	0.0400	0.0369	0.1005	494135187	319.0	6101	2.86				1.43	0.8606	
sds_2013_287_162	13287090709	141013	090709	3437.2200	12639.4365				47.4369	12.00	NaN	3.04	0.0363	0.0312	0.0591	494315786	319.0	6079	2.86				2.05	0.8002	
sds_2013_287_163	13287091009	141013	091009	3437.2195	12639.4309				48.6854	12.01	NaN	3.04	0.0659	0.0437	0.0918	494495767	319.0	6053	2.86				0.83	0.8088	
sds_2013_287_164	13287091310	141013	091310	3437.2187	12639.4341				48.6379	11.99	NaN	3.04	0.0426	0.0280	0.1060	494676026	319.0	6084	2.86				1.81	0.7878	
sds_2013_287_165	13287091610	141013	091610	3437.2193	12639.4334				47.8367	11.99	NaN	3.04	0.0443	0.0299	0.0681	494856358	319.0	6058	2.86				1.33	0.8136	
sds_2013_287_166	13287091910	141013	091910	3437.2182	12639.4333				47.8751	12.01	NaN	3.04	0.0361	0.0236	0.0850	495036664	319.0	6052	2.86				0.69	0.8098	
sds_2013_287_167	13287092211	141013	092210	3437.2186	12639.4333				47.5953	12.00	NaN	3.04	0.0460	0.0220	0.0691	495216752	319.0	6059	2.86				1.41	0.8069	
sds_2013_287_168	13287092511	141013	092511	3437.2191	12639.4334				48.6204	11.99	NaN	3.04	0.0363	0.0301	0.0651	495396848	319.0	6052	2.86				-0.19	0.7903	
sds_2013_287_169	13287092811	141013	092811	3437.2195	12639.4337				47.4904	11.99	NaN	3.04	0.0443	0.0241	0.0855	495576890	319.0	5992	2.86				-0.57	0.8217	
sds_2013_287_170	13287093111	141013	093111	3437.2185	12639.4341				48.0595	11.99	NaN	3.04	0.0471	0.0311	0.0982	495757243	319.0	6051	2.86				1.93	0.8093	
sds_2013_287_171	13287093411	141013	093411	3437.2194	12639.4340				48.5249	11.98	NaN	3.04	0.0419	0.0304	0.0702	495937626	319.0	6070	2.86				1.25	0.8094	
sds_2013_287_172	13287093712	141013	093712	3437.2599	12639.2956				48.4774	11.95	NaN	3.04	0.0452	0.0207	0.0966	496117939	319.0	6104	2.86				1.47	0.8152	
sds_2013_287_173	13287094012	141013	094012	3437.4713	12638.8295				48.3043	11.96	NaN	3.04	0.0468	0.0209	0.0581	496297923	319.0	6060	2.86				1.15	0.7523	
sds_2013_287_174	13287094312	141013	094312	3437.6759	12638.3851				49.1117	12.02	NaN	3.04	0.0405	0.0197	0.0401	496478501	319.0	5936	2.86				-1.65	0.7677	
sds_2013_287_175	13287094612	141013	094612	3437.8767	12637.9445				48.2511	11.99	NaN	3.04	0.0416	0.0162	0.0413	496658717	319.0	5851	2.86				-3.76	0.7656	
sds_2013_287_176	13287094912	141013	094912	3438.0747	12637.5045				48.3837	12.00	NaN	3.04	0.0468	0.0206	0.0461	496838742	319.0	5842	2.86				-5.12	0.7604	
sds_2013_287_177	13287095213	141013	095213	3438.2717	12637.0636				47.7686	11.99	NaN	3.04	0.0460	0.0199	0.0440	497018909	319.0	5762	2.86				-4.86	0.7804	
sds_2013_287_178	13287095513	141013	095513	3438.4643	12636.6250				53.5707	12.01	NaN	3.04	0.0377	0.0167	0.0427	497199125	319.0	5902	2.86				-0.88	0.8109	
sds_2013_287_179	13287095813	141013	095813	3438.6542	12636.1848				48.1660	11.99	NaN	3.03	0.0511	0.0613	0.0490	497379413	319.0	5913	2.86				-1.86	0.7833	
sds_2013_287_180	13287100113	141013	100113	3438.8410	12635.7479				47.6733	11.99	NaN	3.04	0.0435	0.0186	0.0364	497559658	319.0	5995	2.86				-1.18	0.8320	
sds_2013_287_181	13287100414	141013	100414	3439.0261	12635.3105				49.0086	12.00	NaN	3.04	0.0581	0.0183	0.0408	497740078	319.0	6101	2.86				5.61	0.9061	
sds_2013_287_182	13287100714	141013	100714	3439.2103	12634.8768				48.6648	12.00	NaN	3.03	0.0379	0.0160	0.0414	497919990	319.0	6387	2.86				4.89	0.8552	
sds_2013_287_183	13287101014	141013	101014	3439.3965	12634.4406				49.8567	11.99	NaN	3.03	0.0427	0.0175	0.0460	498100255	319.0	6391	2.86				6.37	0.8718	
sds_2013_287_184	13287101314	141013	101314	3439.5853	12634.0072				50.4587	12.00	NaN	3.03	0.0372	0.0178	0.0450	498280482	319.0	6536	2.86				8.15	0.8904	
sds_2013_287_185	13287101615	141013	101615	3439.7770	12633.5759				50.6117	12.00	NaN	3.03	0.0455	0.0176	0.0411	498460823	319.0	6646	2.86				9.23	0.8401	
sds_2013_287_186	13287101915	141013	101915	3439.9669	12633.1538				52.7590	12.01	NaN	3.03	0.0443	0.0188	0.0448	498641076	319.0	6748	2.86				12.53	0.8447	
sds_2013_287_187	13287102215	141013	102215	3440.1595	12632.7277				50.6328	12.00	NaN	3.03	0.0371	0.0168	0.0392	498821465	319.0	6851	2.86				10.31	0.8750	
sds_2013_287_188	13287102515	141013	102515	3440.3524	12632.3049				52.6586	11.99	NaN	3.03	0.0345	0.0157	0.0473	499001808	319.0	6909	2.86				11.67	0.8651	
sds_2013_287_189	13287102816	141013	102816	3440.5472	12631.8820				51.5782	12.00	NaN	3.03	0.0367	0.0167	0.0393	499181975	319.0	6946	2.86				12.86	0.8662	
sds_2013_287_190	13287103116	141013	103116	3440.7407	12631.4637				53.0221	12.00	NaN	3.03	0.0400	0.0175	0.0395	499362370	319.0	7093	2.86				15.88	0.8892	
sds_2013_287_191	13287103416	141013	103416	3440.9325	12631.0425				55.5332	12.00	NaN	3.03	0.0443	0.0217	0.0578	499542452	319.0	7244	2.86				17.09	0.9028	
sds_2013_287_192	13287103717	141013	103717	3441.1237	12630.6193				53.6023	11.99	NaN	3.03	0.0465	0.0217	0.0515	499722823	319.0	7354	2.86				18.22	0.9252	
sds_2013_287_193	13287104017	141013	104017	3441.3110	12630.1972				54.2241	12.01	NaN	3.03	0.0392	0.0139	0.0361	499903023	319.0	7542	2.86				19.11	0.9230	
sds_2013_287_194	13287104317	141013	104317	3441.4956	12629.7753				53.4588	12.00	NaN	3.03	0.0421	0.0173	0.0392	500083407	319.0	7552	2.86				20.82	0.9299	
sds_2013_287_195	13287104617	141013	104617	3441.7232	12629.2669				54.1052	11.99	NaN	3.03	0.0426	0.0231	0.0435	500263317	319.0	7742	2.86				20.53	0.9224	
sds_2013_287_196	13287104918	141013	104917	3441.9208	12628.8308				55.2363	12.00	NaN	3.03	0.0421	0.0154	0.0460	500443747	319.0	7707	2.86				21.01	0.9277	
sds_2013_287_197	13287105218	141013	105218	3442.1342	12628.3720				54.5733	12.01	NaN	3.03	0.0372	0.0246	0.0463	500624166	319.0	7741	2.86				22.12	0.9559	
sds_2013_287_198	13287105518	141013	105518	3442.3628	12627.8844				54.4419	11.98	NaN	3.03	0.0511	0.0235	0.0471	500804276	319.0	7784	2.86				21.60	0.8416	
sds_2013_287_199	13287105818	141013	105818	3442.5964	12627.3958				52.4018	11.99	NaN	3.03	0.0390	0.0214	0.0465	500984674	319.0	7734	2.86				22.20	0.8175	
sds_2013_287_200	13287110118	141013	110118	3442.8348	12626.9167				53.7697	12.00	NaN	3.03	0.0435	0.0202	0.0508	501164730	319.0	7846	2.86				20.52	0.8307	
sds_2013_287_201	13287110419	141013	110419	3443.0741	12626.4294				52.2396	11.99	NaN	3.03	0.0518	0.0259	0.0477	501345181	319.0	7907	2.86				21.46	0.8314	
sds_2013_287_202	13287110719	141013	110719	3443.3179	12625.9365				52.6804	12.01	NaN	3.03	0.0408	0.0214	0.0424	501525489	319.0	7848	2.86				21.46	0.8362	
sds_2013_287_203	13287111020	141013	111019	3443.5595	12625.4450				52.3956	11.99	NaN	3.03	0.0528	0.0241	0.0460	501705751	319.0	7870	2.86				22.12	0.8324	
sds_2013_287_204	13287111320	141013	111319	3443.8039	12624.9473				52.2680	11.98	NaN	3.02	0.0440	0.0238	0.0405	501885801	319.0	7823	2.86				19.93	0.7980	
sds_2013_287_205	13287111620	141013	111620	3444.0436	12624.4509				52.2993	11.99	NaN	3.02	0.0440	0.0233	0.0563	502066148	319.0	7730	2.86				20.92	0.7754	
sds_2013_287_206	13287111920	141013	111920	3444.2802	12623.9542				52.1842	11.99	NaN	3.02	0.0445	0.0188	0.0481	502246226	319.0	7562	2.86				18.39	0.8199	
sds_2013_287_207	13287112220	141013	112220	3444.5185	12623.4531				51.1563	11.99	NaN	3.02	0.0298	0.0151	0.0390	502426287	320.0	7597	2.86				18.19	0.8351	
sds_2013_287_208	13287112520	141013	112520	3444.7563	12622.9551				52.0287	11.99	NaN	3.02	0.0384	0.0162	0.0398	502606706	319.0	7510	2.86				18.32	0.9238	
sds_2013_287_209	13287112821	141013	112821	3444.9932	12622.4574				51.7959	12.00	NaN	3.02	0.0477	0.0196	0.0437	502787107	319.0	7457	2.86				15.15	0.7778	
sds_2013_287_210	13287113121	141013	113121	3445.2310	12621.9563				51.4847	11.99	NaN	3.02	0.0511	0.0197	0.0458	502967159	319.0	7339	2.86				15.14	0.7775	
sds_2013_287_211	13287113421	141013	113421	3445.4717	12621.4582				49.9840	11.99	NaN	3.02	0.0479	0.0172	0.0432	503147468	319.0	7227	2.86				13.10	0.7817	
sds_2013_287_212	13287113721	141013	113721	3445.7153	12620.9546				52.4293	11.98	NaN	3.02	0.0524	0.0193	0.0379	503327584	319.0	7133	2.86				12.55	0.8279	
sds_2013_287_213	13287114022	141013	114022	3445.9577	12620.4558				52.0703	11.99	NaN	3.02	0.0490	0.0185	0.0431	503508173	319.0	7112	2.86				11.25	0.8080	
sds_2013_287_214	13287114322	141013	114322	3446.2051	12619.9506				52.2747	12.00	NaN	3.02	0.0456	0.0173	0.0443	503688330	319.0	7010	2.86				10.45	0.7979	
sds_2013_287_215	13287114622	141013	114622	3446.4519	12619.4448				50.9492	12.05	NaN	3.02	0.0443	0.0178	0.0400	503868569	319.0	6967	2.86				9.94	0.7822	
sds_2013_287_216	13287114922	141013	114922	3446.6988	12618.9372				52.0454	11.99	NaN	3.02	0.0499	0.0197	0.0393	504048629	319.0	6864	2.85				8.12	0.8004	
sds_2013_287_217	13287115223	141013	115223	3446.9946	12618.3318				49.0308	12.00	NaN	3.02	0.0474	0.0173	0.0460	504228883	319.0	6736	2.85				6.99	0.8009	
sds_2013_287_218	13287115523	141013	115523	3447.2428	12617.8204				47.7921	11.97	NaN	3.02	0.0476	0.0215	0.0414	504409245	319.0	6612	2.85				4.20	0.7709	
sds_2013_287_219	13287115823	141013	115823	3447.4887	12617.3149				47.0353	11.98	NaN	3.02	0.0439	0.0188	0.0393	504589446	319.0	6282	2.85				-1.29	0.8099	
sds_2013_287_220	13287120123	141013	120123	3447.7358	12616.8158				47.6635	11.98	NaN	3.02	0.0471	0.0202	0.0439	504769724	319.0	6307	2.85				1.73	0.8248	
sds_2013_287_221	13287120424	141013	120424	3447.9852	12616.3182				48.0308	11.99	NaN	3.02	0.0507	0.0188	0.0406	504949981	319.0	6459	2.85				4.49	0.8589	
sds_2013_287_222	13287120724	141013	120724	3448.2326	12615.8258				47.8652	11.97	NaN	3.02	0.0484	0.0249	0.0471	505129951	319.0	6438	2.85				3.50	0.8737	
sds_2013_287_223	13287121024	141013	121024	3448.4859	12615.3385				47.5941	11.98	NaN	3.02	0.0448	0.0168	0.0409	505310209	319.0	6403	2.85				2.63	0.8645	
sds_2013_287_224	13287121324	141013	121324	3448.7441	12614.8467				47.7087	12.00	NaN	3.02	0.0437	0.0186	0.0400	505490551	319.0	6356	2.86				0.28	0.8495	
sds_2013_287_225	13287121625	141013	121624	3449.0008	12614.3549				52.4052	11.99	NaN	3.02	0.0445	0.0189	0.0388	505670679	319.0	6263	2.86				0.93	0.8579	
sds_2013_287_226	13287121925	141013	121925	3449.2587	12613.8590				48.6084	11.99	NaN	3.02	0.0662	0.0252	0.0450	505850981	319.0	6091	2.86				-3.73	0.8351	
sds_2013_287_227	13287122225	141013	122225	3449.5142	12613.3651				46.4891	11.98	NaN	3.02	0.0469	0.0186	0.0482	506031249	319.0	6027	2.86				-4.97	0.8318	
sds_2013_287_228	13287122525	141013	122525	3449.7716	12612.8680				47.9794	11.99	NaN	3.02	0.0450	0.0204	0.0447	506211645	319.0	5936	2.86				-6.82	0.8148	
sds_2013_287_229	13287122825	141013	122825	3450.0304	12612.3794				46.4055	11.99	NaN	3.02	0.0503	0.0217	0.0474	506391626	319.0	5808	2.86				-9.39	0.8186	
sds_2013_287_230	13287123126	141013	123126	3450.2948	12611.8830				46.1213	12.00	NaN	3.03	0.0461	0.0202	0.0484	506571928	319.0	5650	2.86				-12.72	0.8152	
sds_2013_287_231	13287123426	141013	123426	3450.5580	12611.3848				47.6732	12.00	NaN	3.02	0.0490	0.0183	0.0448	506752193	319.0	5564	2.86				-12.05	0.8301	
sds_2013_287_232	13287123726	141013	123726	3450.8216	12610.8841				46.1372	12.01	NaN	3.03	0.0429	0.0202	0.0447	506932437	319.0	5518	2.86				-12.66	0.8264	
sds_2013_287_233	13287124027	141013	124026	3451.0825	12610.3788				46.2002	12.00	NaN	3.03	0.0481	0.0214	0.0471	507112819	319.0	5673	2.86				-7.81	0.8182	
sds_2013_287_234	13287124327	141013	124327	3451.3403	12609.8727				45.7141	12.00	NaN	3.03	0.0620	0.0246	0.0631	507293023	319.0	5793	2.86				-7.79	0.8208	
sds_2013_287_235	13287124627	141013	124627	3451.5994	12609.3584				47.5628	11.99	NaN	3.03	0.0473	0.0217	0.0448	507473274	319.0	5818	2.86				-5.97	0.8212	
sds_2013_287_236	13287124944	141013	124944	3451.7817	12608.9908				45.9494	12.00	NaN	3.03	0.0575	0.0189	0.0406	507602371	319.0	5787	2.86				-10.72	0.8187	
sds_2013_287_237	13287125244	141013	125244	3452.0375	12608.4721				45.9751	12.01	NaN	3.03	0.0495	0.0193	0.0463	507782646	319.0	5793	2.86				-8.34	0.8239	
sds_2013_287_238	13287125545	141013	125545	3452.2938	12607.9495				47.1855	11.99	NaN	3.03	0.0354	0.0170	0.0435	507963179	319.0	5715	2.86				-9.81	0.9010	
sds_2013_287_239	13287125845	141013	125845	3452.5450	12607.4228				46.3912	12.00	NaN	3.03	0.0586	0.0227	0.0432	508143045	319.0	5670	2.86				-10.08	0.7665	
sds_2013_287_240	13287130145	141013	130145	3452.8011	12606.8958				47.5539	12.00	NaN	3.03	0.0447	0.0215	0.0463	508323520	319.0	5685	2.86				-10.55	0.7421	
sds_2013_287_241	13287130445	141013	130445	3453.0582	12606.3692				49.0149	11.99	NaN	3.03	0.0450	0.0215	0.0439	508503797	319.0	5634	2.86				-8.53	0.7479	
sds_2013_287_242	13287130746	141013	130746	3453.3765	12605.7508				48.8553	11.99	NaN	3.03	0.0432	0.0194	0.0458	508684128	319.0	5739	2.86				-10.76	0.7878	
sds_2013_287_243	13287131046	141013	131046	3453.6350	12605.2326				46.7445	11.99	NaN	3.02	0.0448	0.0196	0.0456	508864145	319.0	5623	2.86				-9.63	0.7640	
sds_2013_287_244	13287131346	141013	131346	3453.8893	12604.7093				46.6862	12.00	NaN	3.02	0.0489	0.0175	0.0460	509044551	319.0	5606	2.86				-9.56	0.7548	
sds_2013_287_245	13287131646	141013	131646	3454.1415	12604.1886				51.3284	11.98	NaN	3.02	0.0484	0.0183	0.0421	509224770	319.0	5906	2.86				-2.61	0.7671	
sds_2013_287_246	13287131947	141013	131947	3454.3926	12603.6682				48.2048	12.00	NaN	3.02	0.0419	0.0193	0.0419	509405045	319.0	5945	2.86				-8.37	0.7574	
sds_2013_287_247	13287132247	141013	132247	3454.6311	12603.1471				46.8796	12.00	NaN	3.02	0.0529	0.0299	0.0474	509585402	319.0	5670	2.86				-11.13	0.7516	
sds_2013_287_248	13287132548	141013	132548	3454.8563	12602.6146				47.1948	11.98	NaN	3.02	0.0557	0.0356	0.0571	509765883	319.0	5647	2.86				-9.10	0.7500	
sds_2013_287_249	13287132848	141013	132847	3455.0746	12602.0871				46.3639	11.99	NaN	3.02	0.0453	0.0194	0.0413	509945788	319.0	5714	2.86				-7.50	0.7458	
sds_2013_287_250	13287133148	141013	133148	3455.2939	12601.5610				46.2613	12.00	NaN	3.02	0.0458	0.0199	0.0584	510125980	319.0	5725	2.85				-7.49	0.7477	
sds_2013_287_251	13287133448	141013	133448	3455.5150	12601.0347				45.6671	11.98	NaN	3.02	0.0523	0.0240	0.0476	510306612	319.0	5653	2.85				-11.32	0.7518	
sds_2013_287_252	13287133748	141013	133748	3455.7347	12600.5146				45.5231	11.98	NaN	3.01	0.0524	0.0215	0.0432	510486406	319.0	5504	2.85				-14.67	0.7495	
sds_2013_287_253	13287134048	141013	134048	3455.9547	12559.9977				44.3621	12.01	NaN	3.01	0.0520	0.0210	0.0450	510666742	319.0	5226	2.85				-21.06	0.7428	
sds_2013_287_254	13287134349	141013	134349	3456.1797	12559.4783				43.6043	12.00	NaN	3.01	0.0528	0.0193	0.0526	510846861	319.0	5056	2.85				-24.77	0.7112	
sds_2013_287_255	13287134649	141013	134649	3456.4183	12558.9651				43.7245	12.00	NaN	3.01	0.0409	0.0176	0.0510	511027134	319.0	4897	2.85				-26.98	0.7316	
sds_2013_287_256	13287134949	141013	134949	3456.6543	12558.4545				43.4010	11.99	NaN	3.01	0.0547	0.0217	0.0513	511207344	319.0	4781	2.85				-28.08	0.7301	
sds_2013_287_257	13287135249	141013	135249	3456.8985	12557.9419				42.7122	11.99	NaN	3.01	0.0573	0.0215	0.0533	511387596	319.0	4741	2.85				-27.86	0.7034	
sds_2013_287_258	13287135550	141013	135550	3457.1183	12557.4782				44.0174	12.00	NaN	3.01	0.0455	0.0238	0.0492	511567945	319.0	4874	2.85				-24.48	0.7388	
sds_2013_287_259	13287135850	141013	135850	3457.2195	12557.4437				43.8403	12.00	NaN	3.01	0.0335	0.0345	0.0524	511748106	319.0	4934	2.85				-27.08	0.7534	
sds_2013_287_260	13287140150	141013	140150	3457.2194	12557.4467				44.9214	12.00	NaN	3.01	0.0361	0.0304	0.0502	511928595	319.0	4854	2.85				-25.68	0.7559	
sds_2013_287_261	13287140450	141013	140450	3457.2182	12557.4465				44.6728	11.99	NaN	3.01	0.0372	0.0254	0.0641	512108697	319.0	4894	2.85				-24.52	0.7297	
sds_2013_287_262	13287140751	141013	140751	3457.2195	12557.4444				43.6203	12.00	NaN	3.01	0.0371	0.0231	0.0790	512288909	319.0	4903	2.85				-24.54	0.7284	
sds_2013_287_263	13287141051	141013	141051	3457.2198	12557.4443				43.4708	11.99	NaN	3.01	0.0372	0.0312	0.0759	512469191	319.0	4884	2.85				-25.61	0.7562	
sds_2013_287_264	13287141351	141013	141351	3457.2187	12557.4459				44.0043	11.99	NaN	3.01	0.0440	0.0285	0.0788	512649196	319.0	4912	2.84				-25.90	0.7468	
sds_2013_287_265	13287141651	141013	141651	3457.2194	12557.4455				44.0246	12.00	NaN	3.01	0.0560	0.0238	0.0868	512829698	319.0	4872	2.85				-27.13	0.7544	
sds_2013_287_266	13287141952	141013	141951	3457.2192	12557.4444				45.2711	12.01	NaN	3.01	0.0332	0.0330	0.0581	513009686	319.0	4894	2.84				-25.33	0.7412	
sds_2013_287_267	13287142252	141013	142252	3457.2189	12557.4463				43.9058	11.99	NaN	3.00	0.0322	0.0230	0.0494	513190201	319.0	4934	2.84				-20.92	0.7898	
sds_2013_287_268	13287142552	141013	142552	3457.2194	12557.4461				44.1717	11.99	NaN	3.00	0.0364	0.0330	0.0562	513370239	319.0	4999	2.84				-21.86	0.7886	
sds_2013_287_269	13287142852	141013	142852	3457.2173	12557.4444				44.5898	12.00	NaN	3.00	0.0340	0.0222	0.0568	513550524	319.0	4977	2.84				-22.27	0.7959	
sds_2013_287_270	13287143153	141013	143152	3457.2193	12557.4448				43.4039	12.00	NaN	3.00	0.0333	0.0261	0.0673	513730711	319.0	5005	2.84				-21.12	0.7626	
sds_2013_287_271	13287143453	141013	143453	3457.2196	12557.4442				43.7966	12.00	NaN	3.00	0.0361	0.0254	0.0779	513910874	319.0	4988	2.84				-20.16	0.7657	
sds_2013_287_272	13287143753	141013	143753	3457.2206	12557.4451				45.1132	12.01	NaN	3.00	0.0372	0.0215	0.0775	514090989	319.0	5027	2.84				-18.86	0.7974	
sds_2013_287_273	13287144053	141013	144053	3457.2182	12557.4447				44.4672	11.99	NaN	3.00	0.0401	0.0303	0.0484	514271628	319.0	5013	2.84				-20.54	0.8435	
sds_2013_287_274	13287144353	141013	144353	3457.2185	12557.4449				43.9810	12.00	NaN	3.00	0.0439	0.0259	0.0830	514451405	319.0	5001	2.84				-23.49	0.8368	
sds_2013_287_275	13287144654	141013	144654	3457.2179	12557.4466				44.2385	12.01	NaN	3.00	0.0413	0.0246	0.0576	514631964	319.0	4939	2.84				-22.95	0.7659	
sds_2013_287_276	13287144954	141013	144954	3457.2200	12557.4440				44.2462	12.00	NaN	3.01	0.0401	0.0259	0.0838	514811984	319.0	4906	2.84				-23.47	0.7761	
sds_2013_287_277	13287145254	141013	145254	3457.2172	12557.4455				45.0154	12.01	NaN	3.01	0.0419	0.0301	0.0745	514992571	319.0	4907	2.84				-24.56	0.7297	
sds_2013_287_278	13287145554	141013	145554	3457.2178	12557.4488				48.8164	12.00	NaN	3.01	0.0325	0.0283	0.0520	515172349	319.0	4888	2.84				-21.83	0.8043	
sds_2013_287_279	13287145855	141013	145855	3457.2149	12557.4457				47.7677	11.99	NaN	3.01	0.0369	0.0343	0.0931	515352848	319.0	5005	2.84				-22.76	0.7450	
sds_2013_287_280	13287150155	141013	150155	3457.2156	12557.4478				50.4164	11.99	NaN	3.01	0.0431	0.0259	0.0790	515533309	319.0	4990	2.85				-20.77	0.7814	
sds_2013_287_281	13287150455	141013	150455	3457.2147	12557.4468				45.2222	12.00	NaN	3.01	0.0435	0.0398	0.0625	515713169	319.0	4919	2.85				-24.94	0.7367	
sds_2013_287_282	13287150755	141013	150755	3457.2160	12557.4482				46.2275	11.98	NaN	3.01	0.0306	0.0278	0.0727	515893732	319.0	4881	2.85				-23.03	0.7552	
sds_2013_287_283	13287151056	141013	151056	3457.2169	12557.4471				47.5658	12.02	NaN	3.01	0.0356	0.0254	0.0694	516073951	319.0	4923	2.85				-21.11	0.7832	
sds_2013_287_284	13287151332	141013	151332	3457.2610	12557.4060				47.6857	12.00	NaN	3.01	0.0422	0.0301	0.0872	516229838	319.0	5061	2.85				-2.39	0.7483	
sds_2013_287_285	13287151632	141013	151632	3457.3825	12556.9909				44.4242	11.99	NaN	3.01	0.0581	0.0215	0.0555	516410335	319.0	6084	2.85				-2.32	0.7417	
sds_2013_287_286	13287151932	141013	151932	3457.5947	12556.5033				44.2046	11.99	NaN	3.01	0.0447	0.0175	0.0554	516590288	319.0	5975	2.85				-1.81	0.7502	
sds_2013_287_287	13287152232	141013	152232	3457.8244	12555.9993				43.8201	12.00	NaN	3.01	0.0505	0.0495	0.0448	516770548	319.0	6023	2.84				0.32	0.7412	
sds_2013_287_288	13287152533	141013	152533	3458.0546	12555.4875				44.9731	11.99	NaN	3.01	0.0508	0.0319	0.0481	516951187	319.0	6047	2.84				0.72	0.7365	
sds_2013_287_289	13287152833	141013	152833	3458.2882	12554.9712				44.3303	12.00	NaN	3.01	0.0468	0.0288	0.0547	517131137	319.0	6050	2.85				-0.37	0.7556	
sds_2013_287_290	13287153133	141013	153133	3458.5189	12554.4610				44.5248	11.98	NaN	3.01	0.0494	0.0246	0.0466	517311457	319.0	6035	2.85				-0.28	0.7314	
sds_2013_287_291	13287153433	141013	153433	3458.7518	12553.9460				44.4081	11.98	NaN	3.01	0.0555	0.0225	0.0418	517491796	319.0	6117	2.84				0.73	0.7278	
sds_2013_287_292	13287153734	141013	153734	3459.0295	12553.3316				44.5054	11.98	NaN	3.01	0.0413	0.0188	0.0484	517672039	319.0	6234	2.85				3.53	0.7375	
sds_2013_287_293	13287154034	141013	154034	3459.2603	12552.8208				44.8930	12.00	NaN	3.01	0.0492	0.0210	0.0477	517852299	319.0	6171	2.85				0.65	0.7570	
sds_2013_287_294	13287154334	141013	154334	3459.4902	12552.3074				45.4749	11.99	NaN	3.01	0.0429	0.0228	0.0469	518032236	319.0	6002	2.85				-1.30	0.7428	
sds_2013_287_295	13287154634	141013	154634	3459.7223	12551.8029				45.6661	12.01	NaN	3.01	0.0497	0.0191	0.0570	518212435	319.0	6021	2.84				0.33	0.7421	
sds_2013_287_296	13287154934	141013	154934	3459.9544	12551.2967				45.7411	12.03	NaN	3.01	0.0552	0.0219	0.0545	518392773	319.0	6092	2.84				-1.32	0.7491	
sds_2013_287_297	13287155234	141013	155234	3500.1876	12550.7869				44.3659	11.98	NaN	3.01	0.0434	0.0196	0.0481	518572671	319.0	5934	2.84				-2.85	0.7771	
sds_2013_287_298	13287155535	141013	155535	3500.4157	12550.2782				44.7319	11.99	NaN	3.01	0.0429	0.0209	0.0476	518753004	319.0	5954	2.85				-2.45	0.7177	
sds_2013_287_299	13287155835	141013	155835	3500.6461	12549.7628				44.5223	12.03	NaN	3.01	0.0418	0.0238	0.0442	518933383	319.0	5828	2.85				-6.08	0.7468	
sds_2013_287_300	13287160135	141013	160135	3500.8760	12549.2524				44.3219	12.01	NaN	3.01	0.0408	0.0217	0.0507	519113707	319.0	5653	2.85				-8.89	0.7518	
sds_2013_287_301	13287160435	141013	160435	3501.1050	12548.7401				44.0925	11.98	NaN	3.01	0.0482	0.0207	0.0487	519293625	319.0	5602	2.85				-9.53	0.7096	
sds_2013_287_302	13287160735	141013	160735	3501.3347	12548.2338				44.4291	11.99	NaN	3.01	0.0411	0.0186	0.0431	519473793	319.0	5539	2.85				-10.30	0.7323	
sds_2013_287_303	13287161036	141013	161036	3501.5617	12547.7256				44.3878	12.00	NaN	3.01	0.0458	0.0189	0.0413	519654062	319.0	5508	2.84				-10.21	0.7352	
sds_2013_287_304	13287161336	141013	161336	3501.7884	12547.2168				44.6013	12.00	NaN	3.01	0.0426	0.0204	0.0426	519834335	319.0	5525	2.85				-7.95	0.7220	
sds_2013_287_305	13287161636	141013	161636	3502.0180	12546.7063				44.3887	11.99	NaN	3.01	0.0461	0.0223	0.0520	520014616	319.0	5560	2.85				-7.71	0.7472	
sds_2013_287_306	13287161937	141013	161937	3502.2476	12546.2012				45.6323	11.98	NaN	3.00	0.0523	0.0217	0.0610	520194818	319.0	5685	2.85				-6.83	0.7209	
sds_2013_287_307	13287162237	141013	162237	3502.4751	12545.6873				44.8385	12.00	NaN	3.01	0.0374	0.0180	0.0409	520375011	319.0	5777	2.85				-2.87	0.7230	
sds_2013_287_308	13287162537	141013	162537	3502.7037	12545.1828				44.8640	12.00	NaN	3.01	0.0439	0.0197	0.0566	520555268	319.0	5741	2.85				-2.59	0.7566	
sds_2013_287_309	13287162837	141013	162837	3502.9351	12544.6849				46.2409	11.99	NaN	3.00	0.0469	0.0199	0.0456	520735248	319.0	5982	2.85				1.69	0.7292	
sds_2013_287_310	13287163137	141013	163137	3503.1706	12544.1853				46.6040	11.99	NaN	3.00	0.0466	0.0186	0.0486	520915659	319.0	6147	2.84				2.15	0.7405	
sds_2013_287_311	13287163438	141013	163438	3503.4111	12543.6852				48.5544	12.01	NaN	3.00	0.0397	0.0246	0.0411	521096044	319.0	6202	2.84				3.99	0.7252	
sds_2013_287_312	13287163738	141013	163738	3503.6561	12543.1765				46.9642	12.00	NaN	3.00	0.0521	0.0185	0.0500	521275998	319.0	6262	2.84				3.12	0.7528	
sds_2013_287_313	13287164038	141013	164038	3503.9005	12542.6787				46.5038	11.98	NaN	3.00	0.0465	0.0186	0.0461	521456291	319.0	6430	2.84				6.06	0.7269	
sds_2013_287_314	13287164338	141013	164338	3504.1471	12542.1784				46.7595	11.99	NaN	3.00	0.0481	0.0206	0.0524	521636632	319.0	6512	2.83				6.51	0.7285	
sds_2013_287_315	13287164639	141013	164639	3504.3890	12541.6862				46.8499	12.00	NaN	3.00	0.0437	0.0204	0.0408	521817015	319.0	6453	2.83				6.79	0.7488	
sds_2013_287_316	13287164939	141013	164939	3504.6747	12541.1018				45.8256	12.01	NaN	3.00	0.0523	0.0228	0.0435	521997279	319.0	6349	2.83				5.63	0.7506	
sds_2013_287_317	13287165239	141013	165239	3504.9128	12540.6058				46.2840	12.00	NaN	3.00	0.0431	0.0186	0.0431	522177353	319.0	6344	2.83				4.37	0.7334	
sds_2013_287_318	13287165539	141013	165539	3505.1473	12540.1090				46.2871	12.00	NaN	3.00	0.0447	0.0201	0.0533	522357657	319.0	6383	2.83				4.85	0.7358	
sds_2013_287_319	13287165840	141013	165839	3505.3778	12539.6139				47.3379	11.99	NaN	2.99	0.0359	0.0244	0.0455	522537607	319.0	6351	2.83				2.15	0.7434	
sds_2013_287_320	13287170140	141013	170140	3505.6073	12539.1181				45.6087	11.98	NaN	2.99	0.0539	0.0215	0.0405	522717991	319.0	6299	2.83				2.86	0.7319	
sds_2013_287_321	13287170440	141013	170440	3505.8358	12538.6210				46.0054	12.01	NaN	2.99	0.0418	0.0189	0.0466	522898495	319.0	6239	2.83				1.66	0.7413	
sds_2013_287_322	13287170740	141013	170740	3506.0661	12538.1221				46.1910	11.99	NaN	2.99	0.0500	0.0186	0.0422	523078399	319.0	6263	2.83				3.05	0.7189	
sds_2013_287_323	13287171040	141013	171040	3506.2978	12537.6131				45.7324	11.99	NaN	2.99	0.0435	0.0236	0.0725	523258587	319.0	6155	2.83				-0.05	0.7546	
sds_2013_287_324	13287171341	141013	171341	3506.5261	12537.1053				44.9142	11.99	NaN	2.99	0.0490	0.0215	0.0730	523438947	319.0	6129	2.83				1.23	0.7518	
sds_2013_287_325	13287171641	141013	171641	3506.7573	12536.5972				46.2193	11.99	NaN	2.99	0.0421	0.0212	0.0382	523619136	319.0	6066	2.83				1.05	0.7656	
sds_2013_287_326	13287171941	141013	171941	3507.0002	12536.0931				46.1474	12.01	NaN	2.99	0.0445	0.0254	0.0482	523799392	319.0	6127	2.83				1.95	0.7500	
sds_2013_287_327	13287172241	141013	172241	3507.2417	12535.5962				45.5513	12.00	NaN	2.99	0.0507	0.0262	0.0757	523979677	319.0	6139	2.83				0.83	0.7407	
sds_2013_287_328	13287172542	141013	172542	3507.4824	12535.0971				46.0094	11.99	NaN	2.99	0.0468	0.0262	0.0634	524159929	319.0	6141	2.83				2.65	0.7490	
sds_2013_287_329	13287172842	141013	172842	3507.7287	12534.5991				46.0799	12.00	NaN	2.99	0.0474	0.0235	0.0418	524340150	319.0	6206	2.83				1.89	0.7562	
sds_2013_287_330	13287173142	141013	173142	3507.9842	12534.0946				45.8787	12.01	NaN	2.99	0.0471	0.0225	0.0452	524520496	319.0	6122	2.83				0.76	0.7791	
sds_2013_287_331	13287173442	141013	173442	3508.2388	12533.5931				47.0903	11.99	NaN	2.99	0.0479	0.0215	0.0466	524700647	319.0	6130	2.83				0.88	0.8422	
sds_2013_287_332	13287173742	141013	173742	3508.4940	12533.0861				46.4441	11.98	NaN	2.99	0.0566	0.0261	0.0586	524880647	319.0	6109	2.83				0.31	0.7546	
sds_2013_287_333	13287174043	141013	174043	3508.7525	12532.5828				46.9853	12.00	NaN	2.99	0.0505	0.0206	0.0547	525060822	319.0	6066	2.83				0.83	0.7532	
sds_2013_287_334	13287174343	141013	174343	3509.0133	12532.0746				47.7204	12.00	NaN	2.99	0.0533	0.0222	0.0403	525241231	319.0	5980	2.83				-0.40	0.7690	
sds_2013_287_335	13287174643	141013	174643	3509.2739	12531.5725				47.4010	11.98	NaN	2.99	0.0562	0.0272	0.0533	525421374	319.0	6093	2.83				1.97	0.7878	
sds_2013_287_336	13287174943	141013	174943	3509.5363	12531.0674				47.0110	11.98	NaN	2.99	0.0463	0.0257	0.0563	525601776	319.0	6092	2.83				0.82	0.7662	
sds_2013_287_337	13287175244	141013	175244	3509.6912	12530.7602				47.4254	12.02	NaN	2.99	0.0418	0.0225	0.0552	525712087	319.0	6066	2.83				0.11	0.7455	
sds_2013_287_338	13287175544	141013	175544	3509.9415	12530.2639				47.1461	11.98	NaN	2.99	0.0565	0.0219	0.0474	525891974	319.0	6017	2.83				-0.59	0.7524	
sds_2013_287_339	13287175844	141013	175844	3510.1971	12529.7702				47.3234	12.01	NaN	2.99	0.0490	0.0257	0.0476	526072404	319.0	6090	2.83				1.22	0.7739	
sds_2013_287_340	13287180144	141013	180144	3510.5043	12529.1848				47.4468	12.00	NaN	2.99	0.0536	0.0256	0.0495	526252380	319.0	6185	2.83				1.53	0.8468	
sds_2013_287_341	13287180444	141013	180444	3510.7647	12528.6987				47.6301	12.00	NaN	2.99	0.0439	0.0204	0.0576	526432564	319.0	6224	2.83				2.23	0.8309	
sds_2013_287_342	13287180745	141013	180745	3511.0186	12528.2007				47.6071	12.00	NaN	2.99	0.0570	0.0222	0.0599	526613168	319.0	6188	2.83				3.36	0.8372	
sds_2013_287_343	13287181045	141013	181045	3511.2705	12527.7017				48.0285	12.01	NaN	2.99	0.0520	0.0238	0.0490	526793148	319.0	6204	2.83				0.58	0.8430	
sds_2013_287_344	13287181345	141013	181345	3511.5202	12527.2090				48.5978	11.98	NaN	2.99	0.0450	0.0217	0.0523	526973377	319.0	5995	2.83				-0.64	0.8475	
sds_2013_287_345	13287181646	141013	181646	3511.7699	12526.7113				47.0525	12.00	NaN	2.99	0.0482	0.0293	0.0474	527153936	319.0	5935	2.83				-3.45	0.8440	
sds_2013_287_346	13287181946	141013	181946	3512.0191	12526.2194				47.3221	11.97	NaN	2.99	0.0531	0.0317	0.0552	527333959	319.0	5794	2.83				-4.98	0.8508	
sds_2013_287_347	13287182246	141013	182246	3512.2707	12525.7233				47.6016	11.98	NaN	2.99	0.0486	0.0191	0.0474	527514263	319.0	5815	2.83				-3.53	0.8351	
sds_2013_287_348	13287182546	141013	182546	3512.5204	12525.2336				46.4677	11.99	NaN	2.99	0.0622	0.0296	0.0518	527694538	319.0	5747	2.83				-7.42	0.8556	
sds_2013_287_349	13287182846	141013	182846	3512.7750	12524.7403				46.2959	11.99	NaN	2.99	0.0448	0.0193	0.0513	527874692	319.0	5592	2.83				-8.11	0.7979	
sds_2013_287_350	13287183147	141013	183147	3513.0279	12524.2493				46.5161	12.01	NaN	2.99	0.0667	0.0240	0.0691	528054985	319.0	5490	2.83				-11.45	0.7949	
sds_2013_287_351	13287183447	141013	183447	3513.2819	12523.7516				47.4027	11.99	NaN	2.99	0.0511	0.0201	0.0578	528234954	319.0	5389	2.83				-11.92	0.7893	
sds_2013_287_352	13287183747	141013	183747	3513.5329	12523.2582				46.8242	11.98	NaN	2.99	0.0625	0.0233	0.0600	528415230	319.0	5282	2.83				-14.05	0.7988	
sds_2013_287_353	13287184048	141013	184048	3513.7795	12522.7585				50.0605	11.99	NaN	2.99	0.0482	0.0291	0.0549	528595835	319.0	5267	2.83				-13.53	0.8622	
sds_2013_287_354	13287184348	141013	184348	3514.0265	12522.2601				46.6270	11.99	NaN	2.99	0.0557	0.0210	0.0456	528776070	319.0	5404	2.83				-10.30	0.8259	
sds_2013_287_355	13287184648	141013	184648	3514.2708	12521.7598				47.9319	11.98	NaN	2.99	0.0547	0.0249	0.0545	528956037	319.0	5535	2.83				-7.92	0.7928	
sds_2013_287_356	13287184948	141013	184948	3514.5119	12521.2554				47.8597	12.00	NaN	2.99	0.0756	0.0254	0.0581	529136352	319.0	5703	2.83				-5.06	0.8591	
sds_2013_287_357	13287185248	141013	185248	3514.7479	12520.7444				47.5727	11.98	NaN	2.99	0.0518	0.0231	0.0552	529316667	319.0	5780	2.83				-6.05	0.8546	
sds_2013_287_358	13287185549	141013	185549	3514.9838	12520.2235				47.6251	12.01	NaN	2.99	0.0558	0.0270	0.0591	529496973	319.0	5574	2.83				-8.67	0.8580	
sds_2013_287_359	13287185849	141013	185849	3515.2289	12519.7116				48.0608	12.00	NaN	2.99	0.0728	0.0361	0.0562	529677077	319.0	5641	2.82				-6.52	0.8384	
sds_2013_287_360	13287190149	141013	190149	3515.4826	12519.1974				49.0047	12.03	NaN	2.99	0.0460	0.0243	0.0439	529857421	319.0	5720	2.82				-7.27	0.8678	
sds_2013_287_361	13287190449	141013	190449	3515.7398	12518.6905				49.0399	11.99	NaN	2.99	0.0557	0.0212	0.0516	530037686	319.0	5828	2.82				-0.46	0.8768	
sds_2013_287_362	13287190750	141013	190749	3516.0028	12518.2044				48.0654	11.98	NaN	2.99	0.0662	0.0280	0.0620	530217736	319.0	6007	2.82				-5.32	0.8779	
sds_2013_287_363	13287191050	141013	191050	3516.2636	12517.7392				46.5192	11.97	NaN	2.99	0.0612	0.0236	0.0579	530398268	319.0	5425	2.82				-13.07	0.8074	
sds_2013_287_364	13287191350	141013	191350	3516.5097	12517.2596				45.8579	12.00	NaN	2.99	0.0524	0.0288	0.0579	530578450	319.0	5300	2.82				-11.58	0.8229	
sds_2013_287_365	13287191650	141013	191650	3516.7344	12516.7625				46.4825	12.01	NaN	2.99	0.0526	0.0225	0.0542	530758272	319.0	5565	2.82				-7.81	0.8462	
sds_2013_287_366	13287191950	141013	191950	3517.0819	12516.2423				46.6608	11.98	NaN	2.99	0.0745	0.0280	0.0699	530938709	319.0	5511	2.82				-9.37	0.7837	
sds_2013_287_367	13287192251	141013	192251	3517.4122	12515.8493				45.5527	11.98	NaN	2.99	0.0620	0.0306	0.0521	531119053	319.0	5568	2.82				-8.84	0.7881	
sds_2013_287_368	13287192551	141013	192551	3517.6664	12515.5405				46.2206	11.99	NaN	2.99	0.0445	0.0233	0.0536	531299286	319.0	5589	2.82				-5.77	0.7861	
sds_2013_287_369	13287192851	141013	192851	3517.7609	12515.4295				46.2856	12.02	NaN	2.99	0.0437	0.0288	0.0777	531479598	319.0	5450	2.82				-10.87	0.8060	
sds_2013_287_370	13287193151	141013	193151	3517.7769	12515.4069				47.0021	12.00	NaN	2.99	0.0497	0.0269	0.0634	531659723	319.0	5335	2.82				-14.61	0.7838	
sds_2013_287_371	13287193452	141013	193452	3517.7803	12515.4171				46.7515	12.01	NaN	2.99	0.0397	0.0299	0.0646	531840024	319.0	5231	2.82				-16.89	0.7903	
sds_2013_287_372	13287193752	141013	193752	3517.7801	12515.4118				46.3307	11.99	NaN	2.99	0.0384	0.0270	0.0523	532020100	319.0	5164	2.82				-17.48	0.7853	
sds_2013_287_373	13287194052	141013	194052	3517.7802	12515.4107				46.1874	11.98	NaN	2.99	0.0392	0.0233	0.0664	532200224	319.0	5098	2.83				-20.61	0.7952	
sds_2013_287_374	13287194352	141013	194352	3517.7802	12515.4106				46.0969	11.99	NaN	3.00	0.0474	0.0296	0.0597	532380632	319.0	5047	2.83				-19.18	0.7676	
sds_2013_287_375	13287194652	141013	194652	3517.7794	12515.4101				46.6590	12.00	NaN	3.00	0.0346	0.0267	0.0600	532560591	319.0	5065	2.83				-17.71	0.7633	
sds_2013_287_376	13287194953	141013	194953	3517.7785	12515.4105				46.2009	12.00	NaN	3.00	0.0618	0.0390	0.0620	532740932	319.0	5106	2.83				-15.63	0.7823	
sds_2013_287_377	13287195253	141013	195253	3517.7807	12515.4095				46.3279	12.01	NaN	3.00	0.0366	0.0286	0.0707	532921173	319.0	5169	2.83				-17.88	0.7979	
sds_2013_287_378	13287195553	141013	195553	3517.7787	12515.4114				47.4809	12.01	NaN	3.00	0.0406	0.0335	0.0613	533101573	319.0	5163	2.83				-13.23	0.8055	
sds_2013_287_379	13287195854	141013	195854	3517.7808	12515.4107				46.3758	12.00	NaN	3.00	0.0477	0.0301	0.0539	533281849	319.0	5432	2.83				-9.81	0.8124	
sds_2013_287_380	13287200154	141013	200154	3517.7798	12515.4099				46.7029	12.04	NaN	3.00	0.0350	0.0330	0.0707	533461922	319.0	5439	2.84				-7.37	0.8571	
sds_2013_287_381	13287200454	141013	200454	3517.7798	12515.4107				46.6060	11.99	NaN	3.00	0.0477	0.0317	0.0563	533642187	319.0	5603	2.84				-8.90	0.8468	
sds_2013_287_382	13287200754	141013	200754	3517.7795	12515.4111				45.9897	12.01	NaN	3.00	0.0398	0.0296	0.0712	533822681	319.0	5464	2.84				-7.81	0.8232	
sds_2013_287_383	13287201054	141013	201054	3517.7780	12515.4112				47.6782	12.00	NaN	3.01	0.0431	0.0285	0.0625	534002680	319.0	5573	2.84				-8.40	0.8431	
sds_2013_287_384	13287201355	141013	201355	3517.7787	12515.4100				46.3687	12.00	NaN	3.01	0.0364	0.0314	0.0788	534183020	319.0	5426	2.84				-6.15	0.7954	
sds_2013_287_385	13287201655	141013	201655	3517.7805	12515.4117				46.4400	11.99	NaN	3.00	0.0395	0.0325	0.0520	534363336	319.0	5495	2.85				-12.53	0.8779	
sds_2013_287_386	13287201955	141013	201955	3517.7794	12515.4104				47.6004	11.99	NaN	3.01	0.0511	0.0358	0.0890	534543709	319.0	5343	2.85				-12.64	0.8749	
sds_2013_287_387	13287202255	141013	202255	3517.7807	12515.4109				46.7750	12.00	NaN	3.01	0.0550	0.0332	0.0837	534723703	319.0	5328	2.85				-11.45	0.7731	
sds_2013_287_388	13287202556	141013	202556	3517.7780	12515.4094				46.2872	12.01	NaN	3.01	0.0419	0.0282	0.1036	534903948	319.0	5243	2.85				-18.55	0.8215	
sds_2013_287_389	13287202856	141013	202856	3517.7803	12515.4099				46.5926	12.00	NaN	3.01	0.0406	0.0265	0.0533	535084246	319.0	5171	2.85				-14.84	0.8043	
sds_2013_287_390	13287203156	141013	203156	3517.7806	12515.4098				46.1603	12.00	NaN	3.01	0.0372	0.0405	0.0761	535264524	319.0	5120	2.85				-15.40	0.8209	
sds_2013_287_391	13287203456	141013	203456	3517.7784	12515.4108				47.2745	12.00	NaN	3.01	0.0445	0.0330	0.0526	535444724	319.0	5199	2.85				-15.63	0.8517	
sds_2013_287_392	13287203757	141013	203757	3517.7798	12515.4125				47.7689	11.99	NaN	3.01	0.0424	0.0262	0.0701	535624988	319.0	5131	2.85				-17.51	0.8385	
sds_2013_287_393	13287204057	141013	204057	3517.9087	12515.1183				47.7818	11.97	NaN	3.01	0.0432	0.0367	0.0612	535805294	319.0	5210	2.85				-12.85	0.8981	
sds_2013_287_394	13287204357	141013	204357	3518.1154	12514.6351				46.8875	12.01	NaN	3.01	0.0484	0.0223	0.0523	535985510	319.0	5208	2.85				-12.53	0.7892	
sds_2013_287_395	13287204658	141013	204658	3518.3160	12514.1602				48.0201	11.99	NaN	3.01	0.0481	0.0227	0.0604	536166019	319.0	5286	2.85				-13.34	0.8109	
sds_2013_287_396	13287204958	141013	204958	3518.5192	12513.6931				49.9713	11.99	NaN	3.01	0.0411	0.0212	0.0458	536345908	319.0	5227	2.85				-11.92	0.8065	
sds_2013_287_397	13287205258	141013	205258	3518.7290	12513.2315				49.1363	11.99	NaN	3.01	0.0515	0.0204	0.0541	536526130	319.0	5382	2.85				-13.91	0.8198	
sds_2013_287_398	13287205558	141013	205558	3518.9373	12512.7730				53.1645	11.98	NaN	3.01	0.0602	0.0259	0.0547	536706368	319.0	5533	2.84				-11.51	0.8168	
sds_2013_287_399	13287205858	141013	205858	3519.1447	12512.3123				49.1628	12.02	NaN	3.01	0.0463	0.0235	0.0473	536886802	319.0	5264	2.84				-12.17	0.8116	
sds_2013_287_400	13287210159	141013	210159	3519.3474	12511.8539				48.7329	11.99	NaN	3.01	0.0482	0.0291	0.0468	537067138	319.0	5344	2.84				-10.87	0.8119	
sds_2013_287_401	13287210459	141013	210459	3519.5518	12511.3942				48.8224	12.00	NaN	3.01	0.0453	0.0212	0.0623	537247379	319.0	5082	2.84				-21.40	0.7952	
sds_2013_287_402	13287210759	141013	210759	3519.7559	12510.9330				48.3231	11.99	NaN	3.01	0.0455	0.0256	0.0584	537427587	319.0	4867	2.84				-25.16	0.8628	
sds_2013_287_403	13287211100	141013	211100	3519.9581	12510.4723				48.3950	11.97	NaN	3.01	0.0528	0.0209	0.0554	537607868	319.0	4703	2.85				-29.68	0.8455	
sds_2013_287_404	13287211400	141013	211400	3520.1587	12510.0066				49.1492	11.99	NaN	3.01	0.0474	0.0306	0.0426	537788015	319.0	4382	2.85				-42.21	0.8260	
sds_2013_287_405	13287211700	141013	211700	3520.3540	12509.5428				48.4022	11.99	NaN	3.01	0.0469	0.0197	0.0455	537968081	319.0	4159	2.85				-44.79	0.8229	
sds_2013_287_406	13287212000	141013	212000	3520.5494	12509.0713				47.2957	11.99	NaN	3.01	0.0474	0.0251	0.0518	538148555	319.0	3981	2.85				-54.73	0.8256	
sds_2013_287_407	13287212300	141013	212300	3520.7374	12508.6099				48.2266	11.98	NaN	3.01	0.0499	0.0199	0.0578	538328538	319.0	4304	2.85				-5.14	0.8054	
sds_2013_287_408	13287212601	141013	212601	3520.9238	12508.1419				48.5408	11.99	NaN	3.01	0.0497	0.0199	0.0520	538508856	319.0	6163	2.85				6.07	0.8258	
sds_2013_287_409	13287212901	141013	212901	3521.1046	12507.6708				47.8814	12.00	NaN	3.02	0.0458	0.0201	0.0604	538689210	319.0	5355	2.85				-26.22	0.7853	
sds_2013_287_410	13287213201	141013	213201	3521.2836	12507.1874				49.1423	11.98	NaN	3.02	0.0482	0.0193	0.0545	538869368	319.0	4604	2.85				-34.10	0.7791	
sds_2013_287_411	13287213501	141013	213501	3521.4631	12506.6962				49.6167	12.01	NaN	3.01	0.0419	0.0185	0.0468	539049817	319.0	4502	2.85				5.02	0.7902	
sds_2013_287_412	13287213802	141013	213802	3521.6484	12506.1973				51.8888	11.99	NaN	3.01	0.0458	0.0204	0.0507	539230141	319.0	6323	2.85				7.46	0.7810	
sds_2013_287_413	13287214102	141013	214102	3521.8442	12505.6972				52.9339	12.14	NaN	3.01	0.0638	0.0240	0.0456	539410159	319.0	6537	2.85				9.91	0.8116	
sds_2013_287_414	13287214403	141013	214403	3522.0606	12505.2040				52.3532	12.37	NaN	3.01	0.0463	0.0240	0.0533	539590852	319.0	6481	2.85				6.47	0.8501	
sds_2013_287_415	13287214703	141013	214703	3522.2860	12504.7196				52.2442	12.05	NaN	3.01	0.0565	0.0298	0.0583	539770955	319.0	5913	2.85				-8.55	0.8418	
sds_2013_287_416	13287215003	141013	215003	3522.5655	12504.1438				51.7941	12.03	NaN	3.01	0.0492	0.0265	0.0785	539951214	319.0	6553	2.85				24.78	0.8582	
sds_2013_287_417	13287215303	141013	215303	3522.7953	12503.6679				51.7343	12.04	NaN	3.01	0.0578	0.0312	0.0555	540131555	319.0	5620	2.85				12.75	NaN	
sds_2013_287_418	13287222445	141013	222444	3525.2873	12458.7195				54.4755	11.10	NaN	3.01	0.0502	0.0379	0.0615	542032750	319.0	7995	2.85				-35.06	0.7321	
sds_2013_287_419	13287222745	141013	222745	3525.5233	12458.2610				52.6894	12.00	NaN	3.01	0.0520	0.0285	0.0539	542213385	319.0	6250	2.85				-71.64	0.7013	
sds_2013_287_420	13287223045	141013	223045	3525.7742	12457.8085				52.9576	11.98	NaN	3.02	0.0570	0.0272	0.0780	542393581	319.0	6545	2.85				-20.34	0.7384	
sds_2013_287_421	13287223345	141013	223345	3526.0219	12457.3520				52.8150	11.99	NaN	3.02	0.0502	0.0222	0.0584	542573712	319.0	5946	2.85				-25.96	0.7240	
sds_2013_287_422	13287223646	141013	223646	3526.2654	12456.8924				51.2767	11.99	NaN	3.02	0.0526	0.0230	0.0620	542753952	319.0	5179	2.85				-45.36	0.7283	
sds_2013_287_423	13287223946	141013	223946	3526.5049	12456.4261				52.9555	12.00	NaN	3.02	0.0531	0.0304	0.0578	542934234	319.0	4532	2.85				-53.84	0.7319	
sds_2013_287_424	13287224246	141013	224246	3526.7412	12455.9566				52.1001	12.00	NaN	3.02	0.0609	0.0325	0.0620	543114396	319.0	4663	2.85				-17.36	0.7452	
sds_2013_287_425	13287224546	141013	224546	3526.9752	12455.4797				51.3286	12.01	NaN	3.02	0.0484	0.0246	0.0613	543294607	319.0	5058	2.86				-27.55	0.7303	
sds_2013_287_426	13287224847	141013	224847	3527.2039	12454.9987				50.6694	11.99	NaN	3.02	0.0628	0.0233	0.0626	543474886	319.0	4894	2.85				-47.72	0.7141	
sds_2013_287_427	13287225202	141013	225202	3527.3632	12454.6541				52.7530	11.99	NaN	3.02	0.0476	0.0225	0.0474	543602514	319.0	4293	2.85				-22.40	0.7268	
sds_2013_287_428	13287225502	141013	225502	3527.5142	12454.4051				51.3416	12.02	NaN	3.02	0.0401	0.0277	0.0694	543782725	319.0	3980	2.85				-63.21	0.7114	
sds_2013_287_429	13287225803	141013	225803	3527.5372	12454.4182				56.9917	12.00	NaN	3.02	0.0395	0.0296	0.0515	543962890	319.0	3091	2.85				-89.65	0.7366	
sds_2013_287_430	13287230103	141013	230103	3527.5326	12454.4185				51.1865	12.00	NaN	3.02	0.0359	0.0262	0.0503	544143178	319.0	3415	2.85				-59.35	0.7104	
sds_2013_287_431	13287230403	141013	230403	3527.5340	12454.4211				49.6045	11.99	NaN	3.02	0.0324	0.0286	0.0859	544323285	319.0	3671	2.85				-66.83	0.7407	
sds_2013_287_432	13287230703	141013	230703	3527.5352	12454.4157				53.1585	12.00	NaN	3.02	0.0329	0.0265	0.0673	544503656	319.0	4105	2.85				32.00	0.7367	
sds_2013_287_433	13287231004	141013	231004	3527.5359	12454.4114				50.3606	12.00	NaN	3.02	0.0353	0.0252	0.0602	544684038	319.0	7122	2.85				16.55	0.7272	
sds_2013_287_434	13287231304	141013	231304	3527.5354	12454.4122				49.6682	12.00	NaN	3.02	0.0296	0.0278	0.0690	544864138	319.0	3984	2.85				-110.42	0.6975	
sds_2013_287_435	13287231604	141013	231604	3527.5341	12454.4137				50.7185	12.01	NaN	3.02	0.0291	0.0277	0.0545	545044222	319.0	3252	2.84				-42.84	0.7234	
sds_2013_287_436	13287231904	141013	231904	3527.5352	12454.4144				49.6189	12.02	NaN	3.02	0.0371	0.0324	0.0617	545224417	319.0	3596	2.85				-34.26	0.7184	
sds_2013_287_437	13287232205	141013	232204	3527.5356	12454.4123				49.4597	12.00	NaN	3.02	0.0411	0.0337	0.0725	545404776	319.0	3670	2.85				-34.94	0.7218	
sds_2013_287_438	13287232505	141013	232505	3527.5354	12454.4148				49.6202	11.99	NaN	3.01	0.0372	0.0264	0.0576	545584812	319.0	3498	2.84				-31.69	0.8625	
sds_2013_287_439	13287232805	141013	232805	3527.5334	12454.4136				51.4027	11.99	NaN	3.01	0.0377	0.0306	0.0668	545765304	319.0	3064	2.84				-82.11	0.8853	
sds_2013_287_440	13287233105	141013	233105	3527.5355	12454.4147				50.0106	12.00	NaN	3.01	0.0377	0.0354	0.0858	545945517	319.0	3647	2.84				19.83	0.7953	
sds_2013_287_441	13287233405	141013	233405	3527.5351	12454.4144				50.4538	12.00	NaN	3.01	0.0353	0.0243	0.0698	546125614	319.0	4361	2.84				-3.67	0.8168	
sds_2013_287_442	13287233706	141013	233706	3527.5356	12454.4137				50.3846	11.99	NaN	3.01	0.0303	0.0267	0.0672	546305823	319.0	4892	2.84				1.67	0.8287	
sds_2013_287_443	13287234006	141013	234006	3527.5346	12454.4144				49.6036	12.00	NaN	3.01	0.0354	0.0265	0.0675	546486084	319.0	3509	2.84				4.53	0.8356	
sds_2013_287_444	13287234306	141013	234306	3527.5371	12454.4135				50.6632	12.01	NaN	3.01	0.0422	0.0335	0.1034	546666315	319.0	5103	2.85				6.37	0.7623	
sds_2013_287_445	13287234606	141013	234606	3527.5353	12454.4141				49.3831	11.99	NaN	3.02	0.0314	0.0244	0.0869	546846664	319.0	4409	2.85				-89.52	0.7700	
sds_2013_287_446	13287234906	141013	234906	3527.5367	12454.4133				49.4505	12.00	NaN	3.02	0.0298	0.0393	0.0511	547026722	319.0	3128	2.85				-11.58	0.7743	
sds_2013_287_447	13287235207	141013	235207	3527.5359	12454.4128				51.1260	12.00	NaN	3.02	0.0282	0.0325	0.0748	547207060	319.0	2357	2.85				-215.15	0.7288	
sds_2013_287_448	13287235507	141013	235507	3527.5334	12454.4141				49.1158	12.01	NaN	3.02	0.0322	0.0367	0.0699	547387464	319.0	2833	2.85				-17.06	0.7892	
sds_2013_287_449	13287235807	141013	235807	3527.5348	12454.4140				50.5185	12.00	NaN	3.02	0.0443	0.0275	0.0761	547567744	319.0	3974	2.85				-14.62	0.8054	
