FILE	computerUTC	DMY	HMS	LAT	LON	CONDUCTIVITY	SALINITY	OCEAN TEMP	BULK RED	STREAM PRESSURE	FILTER PRESSURE	MACHINE TEMP	Xaccel	Yaccel	Zaccel	MILLISECOND TIMER	LASER POWER	EVENT RATE	FLOW METER	POSITION	CHL	TRANS	PAR
sds_2011_302_1	11302000021	28-10-2011	23:59:31	+37.610368	-136.595232		33.691	19.371	25.0145	12.01	1.74	5.29	0.2262	0.0649	0.2068	69729477	0.0	11188	5.76		0.065	4.663	0176.0
sds_2011_302_2	11302000321	29-10-2011	00:02:32	+37.601793	-136.603420		33.642	19.209	25.0145	12.01	1.74	5.29	0.2199	0.0583	0.2005	69909495	0.0	11266	5.77		0.066	4.662	0173.0
sds_2011_302_3	11302000621	29-10-2011	00:05:32	+37.593208	-136.611625		33.607	19.241	25.0145	12.00	1.74	5.29	0.2188	0.0571	0.1992	70089506	0.0	11344	5.77		0.065	4.662	0172.0
sds_2011_302_4	11302000922	29-10-2011	00:08:32	+37.584645	-136.619795		33.642	19.421	25.0145	12.00	1.74	5.29	0.2335	0.0722	0.2139	70269912	0.0	11452	5.77		0.065	4.661	0168.0
sds_2011_302_5	11302001222	29-10-2011	00:11:32	+37.575912	-136.627998		33.694	19.487	25.0145	12.01	1.74	5.29	0.2222	0.0604	0.2023	70450279	0.0	11309	5.77		0.066	4.662	0167.0
sds_2011_302_6	11302001522	29-10-2011	00:14:33	+37.567157	-136.636145		33.709	19.498	25.0145	12.01	1.74	5.29	0.2214	0.0591	0.2002	70630338	0.0	11359	5.77		0.065	4.662	0174.0
sds_2011_302_7	11302001822	29-10-2011	00:17:34	+37.558375	-136.644188		33.705	19.27	25.0145	12.00	1.74	5.29	0.2210	0.0584	0.2005	70810653	0.0	11342	5.77		0.065	4.661	0179.0
sds_2011_302_8	11302002123	29-10-2011	00:20:34	+37.549592	-136.652165		33.591	19.162	25.0145	12.00	1.73	5.29	0.2254	0.0626	0.2039	70990698	0.0	11335	5.77		0.065	4.661	0186.0
sds_2011_302_9	11302002423	29-10-2011	00:23:35	+37.540690	-136.660298		33.550	18.943	25.0145	12.00	1.73	5.29	0.2199	0.0568	0.1984	71171033	0.0	11371	5.77		0.066	4.661	0191.0
sds_2011_302_10	11302002723	29-10-2011	00:26:35	+37.532013	-136.668348		33.490	18.958	25.0145	11.99	1.73	5.29	0.2199	0.0584	0.2013	71351139	0.0	11527	5.78		0.065	4.658	0188.0
sds_2011_302_11	11302003023	29-10-2011	00:29:35	+37.523135	-136.676682		33.486	18.979	25.0145	11.99	1.73	5.29	0.2223	0.0605	0.2026	71531478	0.0	11547	5.78		0.066	4.659	0201.0
sds_2011_302_12	11302003323	29-10-2011	00:32:35	+37.514277	-136.685008		33.501	18.996	25.0145	12.00	1.73	5.29	0.2285	0.0673	0.2102	71711628	0.0	11612	5.77		0.066	4.658	0322.0
sds_2011_302_13	11302003624	29-10-2011	00:35:36	+37.505423	-136.693293		33.499	18.916	25.0145	11.99	1.73	5.29	0.2202	0.0586	0.2008	71892028	0.0	11580	5.77		0.066	4.658	0252.0
sds_2011_302_14	11302003924	29-10-2011	00:38:37	+37.496572	-136.701465		33.496	19.081	25.0145	11.99	1.73	5.29	0.2230	0.0608	0.2026	72072057	0.0	11574	5.77		0.066	4.658	0198.0
sds_2011_302_15	11302004224	29-10-2011	00:41:36	+37.487725	-136.709627		33.543	19.255	25.0145	12.00	1.72	5.29	0.2243	0.0626	0.2049	72252365	0.0	11477	5.77		0.066	4.657	0186.0
sds_2011_302_16	11302004524	29-10-2011	00:44:37	+37.478952	-136.717810		33.600	19.417	25.0145	12.00	1.72	5.29	0.2212	0.0602	0.2023	72432378	0.0	11217	5.77		0.066	4.658	0215.0
sds_2011_302_17	11302004824	29-10-2011	00:47:38	+37.470172	-136.726065		33.642	19.392	25.0145	12.00	1.72	5.29	0.2181	0.0574	0.1982	72612444	0.0	11243	5.77		0.066	4.659	0346.0
sds_2011_302_18	11302005125	29-10-2011	00:50:39	+37.461480	-136.734160		33.636	19.267	25.0145	12.00	1.73	5.29	0.2172	0.0547	0.1968	72792777	0.0	11256	5.77		0.066	4.661	0330.0
sds_2011_302_19	11302005425	29-10-2011	00:53:38	+37.452742	-136.742282		33.598	19.198	25.0145	12.02	1.74	5.29	0.2209	0.0586	0.1984	72972836	0.0	11347	5.77		0.066	4.658	0316.0
sds_2011_302_20	11302005725	29-10-2011	00:56:39	+37.443997	-136.750447		33.579	19.21	25.0145	12.00	1.74	5.29	0.2327	0.0699	0.2142	73153280	0.0	11289	5.77		0.066	4.661	0317.0
sds_2011_302_21	11302010025	29-10-2011	00:59:40	+37.435312	-136.758562		33.580	19.176	25.0145	12.00	1.73	5.29	0.2270	0.0655	0.2078	73333310	0.0	11327	5.77		0.066	4.662	0301.0
sds_2011_302_22	11302010325	29-10-2011	01:02:39	+37.426550	-136.766718		33.568	19.168	25.0145	11.99	1.72	5.29	0.2193	0.0576	0.1994	73513661	0.0	11241	5.77		0.066	4.661	0260.0
sds_2011_302_23	11302010626	29-10-2011	01:05:40	+37.417748	-136.774945		33.557	19.109	25.0145	12.00	1.72	5.29	0.2251	0.0625	0.2039	73693757	0.0	11221	5.77		0.066	4.661	0245.0
sds_2011_302_24	11302010926	29-10-2011	01:08:40	+37.408975	-136.783180		33.545	19.068	25.0145	12.00	1.71	5.29	1.4044	1.3964	1.4252	73874129	0.0	11243	5.30		0.066	4.661	0222.0
sds_2011_302_25	11302011226	29-10-2011	01:11:41	+37.400327	-136.791345		33.543	19.044	25.0145	11.98	1.72	5.29	0.2249	0.0647	0.2060	74054448	0.0	11336	5.77		0.066	4.661	0214.0
sds_2011_302_26	11302011526	29-10-2011	01:14:41	+37.391838	-136.799387		33.558	19.214	25.0145	11.99	1.71	5.29	0.2231	0.0599	0.2021	74234544	0.0	11389	5.77		0.066	4.656	0187.0
sds_2011_302_27	11302011826	29-10-2011	01:17:42	+37.383358	-136.807487		33.624	19.058	25.0145	12.00	1.71	5.29	0.2191	0.0576	0.2002	74414601	0.0	11447	5.78		0.066	4.659	0188.0
sds_2011_302_28	11302012127	29-10-2011	01:20:42	+37.374713	-136.815320		33.543	18.987	25.0145	11.99	1.71	5.29	0.2243	0.0615	0.2040	74594966	0.0	11410	5.77		0.066	4.659	0170.0
sds_2011_302_29	11302012427	29-10-2011	01:23:42	+37.366078	-136.822925		33.559	18.929	25.0145	11.99	1.72	5.29	0.2181	0.0555	0.1972	74775292	0.0	11479	5.77		0.066	4.659	0159.0
sds_2011_302_30	11302012727	29-10-2011	01:26:43	+37.357140	-136.830770		33.533	18.924	25.0145	12.00	1.71	5.29	0.2267	0.0654	0.2073	74955375	0.0	11394	5.77		0.066	4.659	0139.0
sds_2011_302_31	11302013028	29-10-2011	01:29:44	+37.348190	-136.838432		33.535	18.891	25.0145	11.99	1.71	5.29	0.2251	0.0647	0.2065	75135711	0.0	11474	5.77		0.066	4.658	0129.0
sds_2011_302_32	11302013328	29-10-2011	01:32:44	+37.339237	-136.845948		33.518	19.006	25.0145	11.99	1.71	5.29	0.2188	0.0566	0.1987	75315767	0.0	11552	5.77		0.066	4.659	0115.0
sds_2011_302_33	11302013628	29-10-2011	01:35:44	+37.330313	-136.853662		33.561	19.194	25.0145	12.00	1.69	5.29	0.2223	0.0597	0.2028	75496084	0.0	11422	5.77		0.066	4.659	0104.0
sds_2011_302_34	11302013928	29-10-2011	01:38:44	+37.321387	-136.861363		33.657	19.457	25.0145	12.02	1.69	5.29	0.2218	0.0612	0.2023	75676113	0.0	11328	5.77		0.066	4.658	0096.0
sds_2011_302_35	11302014228	29-10-2011	01:41:45	+37.312487	-136.869087		33.678	19.31	25.0145	12.02	1.69	5.29	0.2178	0.0560	0.1985	75856525	0.0	11323	5.77		0.066	4.661	0082.0
sds_2011_302_36	11302014529	29-10-2011	01:44:46	+37.303747	-136.876847		33.621	19.312	25.0145	12.01	1.69	5.29	0.2303	0.0688	0.2112	76036815	0.0	11352	5.77		0.066	4.659	0075.0
sds_2011_302_37	11302014829	29-10-2011	01:47:45	+37.295018	-136.884648		33.649	19.142	25.0145	12.01	1.68	5.29	0.2202	0.0584	0.2006	76216860	0.0	11352	5.76		0.066	4.661	0064.0
sds_2011_302_38	11302015129	29-10-2011	01:50:46	+37.286228	-136.892445		33.551	19.26	25.0145	12.01	1.69	5.29	0.2202	0.0581	0.1994	76397174	0.0	11263	5.76		0.066	4.661	0048.0
sds_2011_302_39	11302015429	29-10-2011	01:53:47	+37.277433	-136.900248		33.627	19.377	25.0145	11.99	1.69	5.29	0.2324	0.0725	0.2136	76577339	0.0	11252	5.76		0.066	4.661	0044.0
sds_2011_302_40	11302015729	29-10-2011	01:56:46	+37.268623	-136.908002		33.673	19.417	25.0145	11.99	1.68	5.29	0.2218	0.0615	0.2028	76757683	0.0	11179	5.75		0.067	4.662	0040.0
sds_2011_302_41	11302020030	29-10-2011	01:59:47	+37.259713	-136.915558		33.667	19.337	25.0145	12.00	1.68	5.29	0.2238	0.0623	0.2047	76938085	0.0	11078	5.75		0.066	4.662	0033.0
sds_2011_302_42	11302020330	29-10-2011	02:02:48	+37.250690	-136.923128		33.679	19.5	25.0145	12.00	1.68	5.29	0.2194	0.0584	0.1997	77117943	0.0	11032	5.75		0.066	4.663	0028.0
sds_2011_302_43	11302020630	29-10-2011	02:05:49	+37.241837	-136.930617		33.718	19.369	25.0145	12.01	1.70	5.29	0.2217	0.0600	0.2005	77298246	0.0	11149	5.75		0.066	4.662	0022.0
sds_2011_302_44	11302020930	29-10-2011	02:08:49	+37.232953	-136.938150		33.651	18.916	25.0145	11.99	1.68	5.29	0.2184	0.0571	0.1990	77478580	0.0	11138	5.75		0.066	4.662	0017.0
sds_2011_302_45	11302021231	29-10-2011	02:11:49	+37.223957	-136.945617		33.521	19.001	25.0145	11.98	1.69	5.29	0.2249	0.0638	0.2045	77658807	0.0	11308	5.74		0.066	4.661	0013.0
sds_2011_302_46	11302021531	29-10-2011	02:14:49	+37.215040	-136.953083		33.544	19.049	25.0145	11.98	1.69	5.29	0.2223	0.0597	0.2006	77838879	0.0	11321	5.74		0.066	4.661	0010.0
sds_2011_302_47	11302021831	29-10-2011	02:17:50	+37.205998	-136.960625		33.565	19.076	25.0145	12.01	1.69	5.29	0.2264	0.0649	0.2052	78019215	0.0	11231	5.74		0.066	4.661	0007.0
sds_2011_302_48	11302022131	29-10-2011	02:20:50	+37.196940	-136.968278		33.573	19.128	25.0145	12.00	1.70	5.29	0.2183	0.0574	0.1982	78199643	0.0	11278	5.73		0.067	4.662	0005.0
sds_2011_302_49	11302022432	29-10-2011	02:23:51	+37.187843	-136.975960		33.583	19.062	25.0145	12.00	1.69	5.29	0.2235	0.0626	0.2032	78379688	0.0	11237	5.73		0.067	4.661	0004.0
sds_2011_302_50	11302022732	29-10-2011	02:26:52	+37.178710	-136.983663		33.557	18.951	25.0145	12.02	1.69	5.29	0.2246	0.0633	0.2036	78559760	0.0	11352	5.73		0.067	4.661	0003.0
sds_2011_302_51	11302023032	29-10-2011	02:29:52	+37.169557	-136.991273		33.533	18.892	25.0145	12.00	1.69	5.29	0.2193	0.0583	0.1981	78740177	0.0	11294	5.73		0.067	4.661	0002.0
sds_2011_302_52	11302023332	29-10-2011	02:32:53	+37.160300	-136.998912		33.521	18.857	25.0145	11.99	1.68	5.29	0.2225	0.0618	0.2024	78920272	0.0	11361	5.73		0.067	4.658	0001.0
sds_2011_302_53	11302023632	29-10-2011	02:35:52	+37.151088	-137.006422		33.521	18.922	25.0145	12.00	1.66	5.29	0.2282	0.0678	0.2083	79100506	0.0	11410	5.74		0.067	4.659	0001.0
sds_2011_302_54	11302023933	29-10-2011	02:38:52	+37.141832	-137.014025		33.527	18.994	25.0145	12.01	1.66	5.29	0.2307	0.0702	0.2115	79280864	0.0	11326	5.74		0.067	4.659	0001.0
sds_2011_302_55	11302024233	29-10-2011	02:41:54	+37.132538	-137.021660		33.542	19.052	25.0145	12.00	1.67	5.29	0.2215	0.0599	0.2006	79460940	0.0	11285	5.74		0.067	4.659	0001.0
sds_2011_302_56	11302024533	29-10-2011	02:44:54	+37.123482	-137.029323		33.561	19.11	25.0145	12.00	1.67	5.29	0.2225	0.0610	0.2016	79640985	0.0	11190	5.74		0.067	4.661	0001.0
sds_2011_302_57	11302024833	29-10-2011	02:47:54	+37.114477	-137.037043		33.612	19.323	25.0145	12.01	1.67	5.29	0.2241	0.0623	0.2032	79821432	0.0	11123	5.73		0.067	4.659	0001.0
sds_2011_302_58	11302025133	29-10-2011	02:50:55	+37.105382	-137.044905		33.634	19.383	25.0145	11.99	1.66	5.29	0.2218	0.0599	0.2008	80001510	0.0	11006	5.73		0.067	4.661	0001.0
sds_2011_302_59	11302025433	29-10-2011	02:53:54	+37.096350	-137.052540		33.668	19.541	25.0145	12.00	1.66	5.29	0.2170	0.0561	0.1968	80181614	0.0	11134	5.74		0.067	4.662	0001.0
sds_2011_302_60	11302025734	29-10-2011	02:56:55	+37.087323	-137.060252		33.759	19.666	25.0145	11.99	1.66	5.29	0.2225	0.0605	0.2008	80362035	0.0	11060	5.74		0.067	4.663	0001.0
sds_2011_302_61	11302030034	29-10-2011	02:59:56	+37.078292	-137.067935		33.754	19.48	25.0145	11.99	1.65	5.29	0.2167	0.0557	0.1969	80542081	0.0	11005	5.74		0.066	4.664	0001.0
sds_2011_302_62	11302030334	29-10-2011	03:02:56	+37.069373	-137.075550		33.708	19.422	25.0145	12.00	1.63	5.29	0.2251	0.0628	0.2047	80722403	0.0	11060	5.75		0.066	4.664	0001.0
sds_2011_302_63	11302030634	29-10-2011	03:05:57	+37.060653	-137.083238		33.697	19.412	25.0145	12.02	1.64	5.29	0.2183	0.0561	0.1961	80902531	0.0	10983	5.75		0.066	4.665	0001.0
sds_2011_302_64	11302030934	29-10-2011	03:08:57	+37.052072	-137.091573		33.695	19.314	25.0145	12.01	1.64	5.29	0.2176	0.0560	0.1974	81082659	0.0	11085	5.75		0.066	4.664	0001.0
sds_2011_302_65	11302031235	29-10-2011	03:11:58	+37.043535	-137.099877		33.636	19.139	25.0145	12.01	1.64	5.29	0.2209	0.0597	0.2005	81262768	0.0	11151	5.75		0.067	4.663	0001.0
sds_2011_302_66	11302031535	29-10-2011	03:14:57	+37.035010	-137.108128		33.571	18.968	25.0145	12.00	1.63	5.29	0.2210	0.0599	0.2002	81443144	0.0	11212	5.75		0.067	4.663	0001.0
sds_2011_302_67	11302031835	29-10-2011	03:17:58	+37.026380	-137.116490		33.556	19.043	25.0145	12.00	1.62	5.29	0.2230	0.0615	0.2026	81623158	0.0	11301	5.76		0.067	4.662	0001.0
sds_2011_302_68	11302032136	29-10-2011	03:20:59	+37.018178	-137.125472		33.570	19.024	25.0145	12.01	1.62	5.29	0.2262	0.0642	0.2061	81803750	0.0	11265	5.75		0.066	4.662	0001.0
sds_2011_302_69	11302032436	29-10-2011	03:23:59	+37.010010	-137.134448		33.579	19.111	25.0145	12.02	1.62	5.29	0.2210	0.0602	0.2008	81983899	0.0	11257	5.76		0.067	4.662	0001.0
sds_2011_302_70	11302032736	29-10-2011	03:26:59	+37.002078	-137.143862		33.594	19.236	25.0145	11.99	1.61	5.29	0.2196	0.0587	0.1990	82164205	0.0	11177	5.75		0.067	4.663	0001.0
sds_2011_302_71	11302033036	29-10-2011	03:30:01	+36.994172	-137.153565		33.635	19.23	25.0145	12.00	1.61	5.29	0.2212	0.0605	0.2019	82344079	0.0	11169	5.75		0.067	4.663	0001.0
sds_2011_302_72	11302033336	29-10-2011	03:32:59	+36.986378	-137.163192		33.659	19.323	25.0145	12.00	1.61	5.29	0.2209	0.0597	0.2002	82524544	0.0	11135	5.75		0.066	4.663	0001.0
sds_2011_302_73	11302033636	29-10-2011	03:36:01	+36.978407	-137.173013		33.672	19.246	25.0145	11.98	1.59	5.29	0.2227	0.0607	0.2015	82704663	0.0	11166	5.76		0.067	4.663	0001.0
sds_2011_302_74	11302033937	29-10-2011	03:39:02	+36.970440	-137.182747		33.616	19.145	25.0145	12.01	1.60	5.29	0.2209	0.0594	0.2008	82884852	0.0	11231	5.76		0.066	4.662	0001.0
sds_2011_302_75	11302034237	29-10-2011	03:42:01	+36.962510	-137.192463		33.624	19.196	25.0145	12.02	1.61	5.29	0.2225	0.0608	0.2023	83065260	0.0	11116	5.76		0.066	4.661	0001.0
sds_2011_302_76	11302034537	29-10-2011	03:45:03	+36.954707	-137.202220		33.646	19.538	25.0145	11.99	1.59	5.29	0.2218	0.0597	0.2016	83245383	0.0	11265	5.76		0.067	4.663	0001.0
sds_2011_302_77	11302034837	29-10-2011	03:48:03	+36.946892	-137.211958		33.767	19.54	25.0145	12.00	1.59	5.29	0.2207	0.0589	0.2000	83425480	0.0	11285	5.76		0.067	4.664	0001.0
sds_2011_302_78	11302035138	29-10-2011	03:51:03	+36.939107	-137.221670		33.767	19.529	25.0145	11.98	1.59	5.29	0.2270	0.0650	0.2068	83605894	0.0	11199	5.75		0.067	4.664	0001.0
sds_2011_302_79	11302035438	29-10-2011	03:54:04	+36.930770	-137.230618		33.766	19.517	25.0145	12.00	1.57	5.29	0.2184	0.0563	0.1982	83786021	0.0	11299	5.76		0.067	4.663	0001.0
sds_2011_302_80	11302035738	29-10-2011	03:57:04	+36.922218	-137.239160		33.762	19.51	25.0145	12.00	1.57	5.29	0.2233	0.0615	0.2032	83966176	0.0	11321	5.76		0.067	4.665	0001.0
sds_2011_302_81	11302040038	29-10-2011	04:00:05	+36.913598	-137.247820		33.752	19.521	25.0145	12.00	1.56	5.29	0.2194	0.0589	0.1995	84146623	0.0	11439	5.75		0.067	4.663	0001.0
sds_2011_302_82	11302040339	29-10-2011	04:03:05	+36.905077	-137.256382		33.754	19.546	25.0145	12.00	1.56	5.29	0.2228	0.0612	0.2032	84326777	0.0	11284	5.75		0.067	4.665	0001.0
sds_2011_302_83	11302040639	29-10-2011	04:06:05	+36.896425	-137.264945		33.754	19.534	25.0145	11.99	1.56	5.29	0.2293	0.0673	0.2084	84506890	0.0	11259	5.75		0.067	4.665	0001.0
sds_2011_302_84	11302040939	29-10-2011	04:09:06	+36.887473	-137.273318		33.757	19.517	25.0145	12.00	1.56	5.29	0.2256	0.0659	0.2058	84687047	0.0	11310	5.75		0.066	4.664	0001.0
sds_2011_302_85	11302041239	29-10-2011	04:12:06	+36.878413	-137.281415		33.735	19.48	25.0145	12.01	1.55	5.29	0.2196	0.0586	0.2002	84867192	0.0	11239	5.75		0.066	4.664	0001.0
sds_2011_302_86	11302041539	29-10-2011	04:15:06	+36.869455	-137.289567		33.732	19.497	25.0145	11.99	1.55	5.29	0.2173	0.0558	0.1968	85047658	0.0	11287	5.75		0.066	4.665	0001.0
sds_2011_302_87	11302041840	29-10-2011	04:18:07	+36.860427	-137.297778		33.749	19.657	25.0145	12.01	1.56	5.29	0.2235	0.0625	0.2036	85227925	0.0	11462	5.75		0.067	4.663	0001.0
sds_2011_302_88	11302042140	29-10-2011	04:21:07	+36.851353	-137.305962		33.830	19.757	25.0145	12.00	1.57	5.29	0.2204	0.0612	0.2024	85408074	0.0	11432	5.75		0.066	4.664	0001.0
sds_2011_302_89	11302042440	29-10-2011	04:24:07	+36.842568	-137.314093		33.816	19.681	25.0145	12.01	1.57	5.29	0.2196	0.0586	0.2003	85588231	0.0	11272	5.75		0.067	4.667	0001.0
sds_2011_302_90	11302042741	29-10-2011	04:27:08	+36.833725	-137.322313		33.810	19.838	25.0145	11.98	1.58	5.29	0.2267	0.0646	0.2071	85768735	0.0	11277	5.75		0.066	4.665	0001.0
sds_2011_302_91	11302043041	29-10-2011	04:30:09	+36.824908	-137.330582		33.833	19.865	25.0145	12.00	1.57	5.29	0.2193	0.0589	0.1992	85948863	0.0	11182	5.75		0.067	4.665	0001.0
sds_2011_302_92	11302043341	29-10-2011	04:33:09	+36.816082	-137.338927		33.795	19.875	25.0145	12.01	1.56	5.29	0.2212	0.0607	0.2013	86128889	0.0	11152	5.75		0.066	4.665	0001.0
sds_2011_302_93	11302043641	29-10-2011	04:36:10	+36.807325	-137.347408		33.772	19.879	25.0145	12.00	1.56	5.29	0.2220	0.0610	0.2029	86309286	0.0	11121	5.75		0.066	4.664	0001.0
sds_2011_302_94	11302043941	29-10-2011	04:39:10	+36.798512	-137.355950		33.744	19.876	25.0145	12.00	1.58	5.29	0.2188	0.0578	0.1985	86489449	0.0	11155	5.75		0.066	4.667	0001.0
sds_2011_302_95	11302044241	29-10-2011	04:42:11	+36.789660	-137.364492		33.764	19.906	25.0145	12.00	1.60	5.29	0.2282	0.0667	0.2084	86669603	0.0	11076	5.75		0.066	4.665	0001.0
sds_2011_302_96	11302044542	29-10-2011	04:45:11	+36.780777	-137.372935		33.809	19.875	25.0145	11.99	1.60	5.29	0.2236	0.0613	0.2024	86849728	0.0	11051	5.75		0.066	4.665	0001.0
sds_2011_302_97	11302044842	29-10-2011	04:48:12	+36.771848	-137.381357		33.844	19.857	25.0145	11.99	1.58	5.29	0.2196	0.0571	0.1984	87030026	0.0	11223	5.75		0.066	4.665	0001.0
sds_2011_302_98	11302045142	29-10-2011	04:51:11	+36.763053	-137.389795		33.835	19.858	25.0145	12.00	1.57	5.29	0.2228	0.0617	0.2023	87210332	0.0	11120	5.75		0.066	4.665	0001.0
sds_2011_302_99	11302045443	29-10-2011	04:54:12	+36.754242	-137.398298		33.867	19.858	25.0145	12.00	1.58	5.29	0.2257	0.0644	0.2063	87390747	0.0	11090	5.75		0.066	4.665	0001.0
sds_2011_302_100	11302045743	29-10-2011	04:57:12	+36.745402	-137.406537		33.873	19.856	25.0145	12.02	1.58	5.29	0.2220	0.0605	0.2019	87570863	0.0	11133	5.75		0.066	4.667	0001.0
sds_2011_302_101	11302050043	29-10-2011	05:00:13	+36.736455	-137.414703		33.870	19.85	25.0145	11.99	1.58	5.29	0.2220	0.0618	0.2024	87750953	0.0	10986	5.75		0.066	4.665	0001.0
sds_2011_302_102	11302050343	29-10-2011	05:03:14	+36.727260	-137.422998		33.866	19.855	25.0145	12.00	1.57	5.29	0.2183	0.0571	0.1985	87931335	0.0	11190	5.76		0.066	4.667	0001.0
sds_2011_302_103	11302050643	29-10-2011	05:06:14	+36.718188	-137.431155		33.886	19.836	25.0145	12.01	1.57	5.29	0.2194	0.0594	0.1989	88111506	0.0	11230	5.75		0.066	4.665	0001.0
sds_2011_302_104	11302050943	29-10-2011	05:09:14	+36.709128	-137.439155		33.888	19.824	25.0145	12.00	1.57	5.29	0.2222	0.0607	0.2019	88291636	0.0	11398	5.75		0.066	4.665	0001.0
sds_2011_302_105	11302051244	29-10-2011	05:12:15	+36.700048	-137.447212		33.882	19.817	25.0145	11.99	1.57	5.29	0.2222	0.0610	0.2021	88472045	0.0	11351	5.75		0.066	4.667	0001.0
sds_2011_302_106	11302051544	29-10-2011	05:15:16	+36.691167	-137.455158		33.889	19.808	25.0145	12.01	1.57	5.29	0.2157	0.0540	0.1955	88652186	0.0	11421	5.75		0.066	4.667	0001.0
sds_2011_302_107	11302051844	29-10-2011	05:18:15	+36.682125	-137.463140		33.879	19.784	25.0145	12.01	1.56	5.29	0.2204	0.0605	0.2005	88832283	0.0	11399	5.75		0.066	4.667	0001.0
sds_2011_302_108	11302052145	29-10-2011	05:21:16	+36.673108	-137.471023		33.868	19.782	25.0145	11.99	1.57	5.29	0.2167	0.0549	0.1966	89012728	0.0	11448	5.75		0.066	4.668	0001.0
sds_2011_302_109	11302052445	29-10-2011	05:24:17	+36.663995	-137.478958		33.863	19.797	25.0145	12.00	1.57	5.29	0.2173	0.0552	0.1968	89193142	0.0	11296	5.76		0.067	4.667	0001.0
sds_2011_302_110	11302052745	29-10-2011	05:27:16	+36.654892	-137.486830		33.869	19.817	25.0145	12.00	1.56	5.29	0.2282	0.0668	0.2091	89373236	0.0	11202	5.76		0.066	4.667	0001.0
sds_2011_302_111	11302053045	29-10-2011	05:30:17	+36.645775	-137.494798		33.862	19.903	25.0145	12.01	1.57	5.29	0.2165	0.0544	0.1955	89553370	0.0	11133	5.75		0.066	4.667	0001.0
sds_2011_302_112	11302053346	29-10-2011	05:33:18	+36.636640	-137.502770		33.898	19.918	25.0145	12.01	1.56	5.29	0.2225	0.0608	0.2016	89733795	0.0	11225	5.76		0.066	4.667	0001.0
sds_2011_302_113	11302053646	29-10-2011	05:36:18	+36.627712	-137.510545		33.894	19.9	25.0145	12.02	1.56	5.29	0.2197	0.0583	0.1997	89913932	0.0	11182	5.76		0.066	4.667	0001.0
sds_2011_302_114	11302053946	29-10-2011	05:39:19	+36.618708	-137.518477		33.885	19.861	25.0145	11.99	1.56	5.29	0.2201	0.0584	0.2000	90094014	0.0	11204	5.75		0.066	4.667	0001.0
sds_2011_302_115	11302054246	29-10-2011	05:42:19	+36.609700	-137.526478		33.856	19.853	25.0145	12.00	1.55	5.29	0.2217	0.0602	0.2018	90274103	0.0	11176	5.75		0.067	4.667	0001.0
sds_2011_302_116	11302054546	29-10-2011	05:45:19	+36.600748	-137.534427		33.879	19.864	25.0145	12.01	1.55	5.29	0.2180	0.0576	0.1976	90454547	0.0	11191	5.75		0.066	4.668	0001.0
sds_2011_302_117	11302054846	29-10-2011	05:48:20	+36.591577	-137.542413		33.902	20.003	25.0145	12.01	1.55	5.29	0.2173	0.0568	0.1977	90634606	0.0	11202	5.75		0.066	4.667	0001.0
sds_2011_302_118	11302055147	29-10-2011	05:51:21	+36.582572	-137.550292		33.925	19.991	25.0145	12.01	1.55	5.29	0.2204	0.0600	0.2010	90815038	0.0	11256	5.74		0.066	4.665	0001.0
sds_2011_302_119	11302055447	29-10-2011	05:54:22	+36.573390	-137.558232		33.913	19.957	25.0145	12.01	1.55	5.29	0.2217	0.0613	0.2026	90995423	0.0	11212	5.74		0.067	4.667	0001.0
sds_2011_302_120	11302055747	29-10-2011	05:57:21	+36.564307	-137.566027		33.892	19.91	25.0145	12.00	1.54	5.29	0.2194	0.0589	0.1994	91175236	0.0	11170	5.74		0.066	4.667	0001.0
sds_2011_302_121	11302060047	29-10-2011	06:00:20	+36.555277	-137.573797		33.875	19.905	25.0145	12.00	1.54	5.29	0.2252	0.0646	0.2053	91355640	0.0	11080	5.73		0.066	4.668	0001.0
sds_2011_302_122	11302060348	29-10-2011	06:03:22	+36.546052	-137.581683		33.874	19.882	25.0145	12.00	1.54	5.29	0.2178	0.0571	0.1974	91536061	0.0	11142	5.74		0.066	4.668	0001.0
sds_2011_302_123	11302060648	29-10-2011	06:06:23	+36.536882	-137.589568		33.864	19.858	25.0145	11.99	1.53	5.29	0.2201	0.0600	0.1995	91716193	0.0	11098	5.73		0.066	4.668	0001.0
sds_2011_302_124	11302060948	29-10-2011	06:09:24	+36.527602	-137.597533		33.849	19.813	25.0145	12.01	1.54	5.29	0.2409	0.0809	0.2209	91896602	0.0	11084	5.70		0.066	4.668	0001.0
sds_2011_302_125	11302061249	29-10-2011	06:12:23	+36.518472	-137.605413		33.845	19.798	25.0145	12.00	1.54	5.29	0.2142	0.0553	0.1937	92076752	0.0	11217	5.68		0.066	4.668	0001.0
sds_2011_302_126	11302061549	29-10-2011	06:15:24	+36.510815	-137.612050		33.836	19.784	25.0145	12.00	1.53	5.29	0.2152	0.0563	0.1956	92256896	0.0	11119	5.68		0.067	4.668	0001.0
sds_2011_302_127	11302061849	29-10-2011	06:18:24	+36.509338	-137.612990		33.835	19.789	25.0145	12.01	1.54	5.29	0.2170	0.0571	0.1972	92437046	0.0	11187	5.68		0.067	4.667	0001.0
sds_2011_302_128	11302062149	29-10-2011	06:21:25	+36.505002	-137.616450		33.834	19.796	25.0145	11.99	1.59	5.29	0.2175	0.0579	0.1969	92617431	0.0	11130	5.69		0.066	4.668	0001.0
sds_2011_302_129	11302062449	29-10-2011	06:24:25	+36.497610	-137.623003		33.834	19.823	25.0145	12.01	1.61	5.29	0.2152	0.0560	0.1951	92797494	0.0	11097	5.69		0.066	4.668	0001.0
sds_2011_302_130	11302062750	29-10-2011	06:27:26	+36.488693	-137.631097		33.856	19.836	25.0145	12.00	1.61	5.29	0.2149	0.0555	0.1943	92977920	0.0	11175	5.68		0.066	4.668	0001.0
sds_2011_302_131	11302063050	29-10-2011	06:30:26	+36.479723	-137.639472		33.846	19.772	25.0145	11.99	1.59	5.29	0.2197	0.0604	0.2010	93158049	0.0	11051	5.68		0.067	4.668	0001.0
sds_2011_302_132	11302063350	29-10-2011	06:33:27	+36.470868	-137.647907		33.820	19.784	25.0145	12.00	1.57	5.29	0.2149	0.0568	0.1961	93338443	0.0	11090	5.68		0.066	4.667	0001.0
sds_2011_302_133	11302063650	29-10-2011	06:36:27	+36.462017	-137.656232		33.836	19.774	25.0145	12.00	1.57	5.29	0.2170	0.0570	0.1958	93518556	0.0	11101	5.69		0.066	4.665	0001.0
sds_2011_302_134	11302063951	29-10-2011	06:39:28	+36.453118	-137.664655		33.854	19.867	25.0145	11.98	1.58	5.29	0.2178	0.0584	0.1976	93698949	0.0	11070	5.68		0.066	4.667	0001.0
sds_2011_302_135	11302064251	29-10-2011	06:42:29	+36.444247	-137.673093		33.866	19.818	25.0145	12.00	1.58	5.29	0.2193	0.0594	0.1992	93879043	0.0	11078	5.69		0.067	4.667	0001.0
sds_2011_302_136	11302064551	29-10-2011	06:45:28	+36.435428	-137.681377		33.848	19.795	25.0145	12.00	1.58	5.29	0.2252	0.0655	0.2049	94059188	0.0	10962	5.69		0.066	4.667	0001.0
sds_2011_302_137	11302064851	29-10-2011	06:48:29	+36.426720	-137.689637		33.840	19.846	25.0145	11.99	1.57	5.29	0.2167	0.0566	0.1964	94239615	0.0	11086	5.70		0.066	4.668	0001.0
sds_2011_302_138	11302065152	29-10-2011	06:51:30	+36.417847	-137.698048		33.847	19.87	25.0145	12.00	1.57	5.29	0.2165	0.0561	0.1969	94420044	0.0	11157	5.69		0.067	4.668	0001.0
sds_2011_302_139	11302065452	29-10-2011	06:54:30	+36.409090	-137.706262		33.853	19.889	25.0145	12.00	1.57	5.29	0.2175	0.0571	0.1969	94599877	0.0	11041	5.69		0.066	4.668	0001.0
sds_2011_302_140	11302065752	29-10-2011	06:57:30	+36.400275	-137.714567		33.860	19.913	25.0145	11.98	1.57	5.29	0.2202	0.0621	0.2011	94780014	0.0	11010	5.69		0.066	4.668	0001.0
sds_2011_302_141	11302070052	29-10-2011	07:00:31	+36.391535	-137.722940		33.863	19.919	25.0145	12.01	1.56	5.29	0.2175	0.0561	0.1955	94960407	0.0	11148	5.69		0.067	4.670	0001.0
sds_2011_302_142	11302070352	29-10-2011	07:03:32	+36.382605	-137.731558		33.869	19.911	25.0145	12.01	1.56	5.29	0.2235	0.0634	0.2031	95140553	0.0	11175	5.69		0.067	4.669	0001.0
sds_2011_302_143	11302070653	29-10-2011	07:06:31	+36.373913	-137.739980		33.872	19.9	25.0145	12.00	1.55	5.29	0.2204	0.0610	0.2005	95320690	0.0	11101	5.69		0.066	4.667	0001.0
sds_2011_302_144	11302070953	29-10-2011	07:09:32	+36.365137	-137.748548		33.882	19.742	25.0145	11.98	1.56	5.29	0.2178	0.0581	0.1984	95501157	0.0	11109	5.70		0.066	4.669	0001.0
sds_2011_302_145	11302071253	29-10-2011	07:12:33	+36.356402	-137.757070		33.831	19.707	25.0145	12.00	1.55	5.29	0.2227	0.0621	0.2024	95681256	0.0	11169	5.70		0.067	4.670	0001.0
sds_2011_302_146	11302071553	29-10-2011	07:15:33	+36.347747	-137.765532		33.821	19.706	25.0145	11.99	1.54	5.29	0.2223	0.0613	0.2019	95861409	0.0	11129	5.71		0.066	4.668	0001.0
sds_2011_302_147	11302071854	29-10-2011	07:18:33	+36.339153	-137.774032		33.819	19.726	25.0145	12.00	1.53	5.29	0.2172	0.0578	0.1972	96041865	0.0	11102	5.70		0.066	4.668	0001.0
sds_2011_302_148	11302072154	29-10-2011	07:21:34	+36.330420	-137.782592		33.826	19.736	25.0145	12.01	1.53	5.29	0.2249	0.0641	0.2050	96221990	0.0	11617	5.71		0.066	4.668	0001.0
sds_2011_302_149	11302072454	29-10-2011	07:24:35	+36.321822	-137.791020		33.826	19.78	25.0145	11.99	1.53	5.29	0.2154	0.0563	0.1966	96402073	0.0	11138	5.71		0.066	4.668	0001.0
sds_2011_302_150	11302072754	29-10-2011	07:27:34	+36.313350	-137.799380		33.850	19.823	25.0145	11.99	1.52	5.29	0.2235	0.0634	0.2039	96582179	0.0	11162	5.71		0.067	4.669	0001.0
sds_2011_302_151	11302073054	29-10-2011	07:30:35	+36.304798	-137.807842		33.861	19.854	25.0145	12.02	1.52	5.29	0.2214	0.0599	0.1998	96762637	0.0	11260	5.71		0.066	4.668	0001.0
sds_2011_302_152	11302073355	29-10-2011	07:33:36	+36.296193	-137.816387		33.893	19.986	25.0145	12.01	1.52	5.29	0.2184	0.0583	0.1979	96942728	0.0	11197	5.71		0.066	4.667	0001.0
sds_2011_302_153	11302073655	29-10-2011	07:36:35	+36.287682	-137.824692		33.922	20.002	25.0145	12.01	1.53	5.29	0.2189	0.0589	0.1990	97123103	0.0	11182	5.71		0.066	4.669	0001.0
sds_2011_302_154	11302073955	29-10-2011	07:39:36	+36.279015	-137.833083		33.924	20.005	25.0145	11.99	1.53	5.29	0.2149	0.0545	0.1940	97303230	0.0	11087	5.71		0.066	4.669	0001.0
sds_2011_302_155	11302074255	29-10-2011	07:42:37	+36.270415	-137.841372		33.923	19.994	25.0145	12.00	1.52	5.29	0.2188	0.0583	0.1984	97483379	0.0	11119	5.71		0.066	4.669	0001.0
sds_2011_302_156	11302074555	29-10-2011	07:45:36	+36.261802	-137.849600		33.915	20.017	25.0145	12.01	1.53	5.29	0.2170	0.0584	0.1989	97663530	0.0	11163	5.71		0.067	4.669	0001.0
sds_2011_302_157	11302074856	29-10-2011	07:48:37	+36.253190	-137.857887		33.926	20.059	25.0145	11.99	1.53	5.29	0.2178	0.0573	0.1976	97843969	0.0	11096	5.72		0.066	4.670	0001.0
sds_2011_302_158	11302075156	29-10-2011	07:51:38	+36.244630	-137.866208		33.935	20.073	25.0145	11.99	1.52	5.29	0.2191	0.0586	0.1990	98023844	0.0	11255	5.72		0.066	4.667	0001.0
sds_2011_302_159	11302075456	29-10-2011	07:54:38	+36.236080	-137.874520		33.938	20.073	25.0145	12.00	1.50	5.29	0.2199	0.0605	0.2013	98204286	0.0	11252	5.72		0.066	4.668	0001.0
sds_2011_302_160	11302075756	29-10-2011	07:57:39	+36.227485	-137.882823		33.942	20.063	25.0145	11.99	1.52	5.29	0.2193	0.0597	0.2000	98384485	0.0	11222	5.72		0.067	4.668	0001.0
sds_2011_302_161	11302080057	29-10-2011	08:00:40	+36.218717	-137.891065		33.930	20.014	25.0145	12.00	1.51	5.29	0.2159	0.0552	0.1958	98564889	0.0	11260	5.72		0.066	4.669	0001.0
sds_2011_302_162	11302080357	29-10-2011	08:03:39	+36.210133	-137.899075		33.907	19.982	25.0145	11.99	1.51	5.29	0.2193	0.0583	0.1994	98744984	0.0	11049	5.72		0.066	4.664	0001.0
sds_2011_302_163	11302080657	29-10-2011	08:06:41	+36.201432	-137.907270		33.895	19.965	25.0145	11.99	1.51	5.29	0.2167	0.0560	0.1966	98925115	0.0	11107	5.71		0.066	4.670	0001.0
sds_2011_302_164	11302080957	29-10-2011	08:09:40	+36.192832	-137.915280		33.890	19.973	25.0145	12.00	1.51	5.29	0.2309	0.0712	0.2126	99105283	0.0	11055	5.71		0.066	4.669	0001.0
sds_2011_302_165	11302081257	29-10-2011	08:12:41	+36.184168	-137.923265		33.896	19.986	25.0145	11.99	1.50	5.29	0.2251	0.0649	0.2063	99285492	0.0	11112	5.71		0.066	4.669	0001.0
sds_2011_302_166	11302081558	29-10-2011	08:15:41	+36.175442	-137.931282		33.908	19.986	25.0145	12.00	1.50	5.29	0.2193	0.0599	0.1994	99465896	0.0	10966	5.72		0.066	4.670	0001.0
sds_2011_302_167	11302081858	29-10-2011	08:18:42	+36.166610	-137.939477		33.911	20.053	25.0145	11.99	1.50	5.29	0.2184	0.0584	0.1982	99646014	0.0	11028	5.71		0.066	4.670	0001.0
sds_2011_302_168	11302082158	29-10-2011	08:21:43	+36.157692	-137.947738		33.931	20.033	25.0145	12.00	1.50	5.29	0.2196	0.0595	0.1997	99826197	0.0	11133	5.71		0.066	4.668	0001.0
sds_2011_302_169	11302082458	29-10-2011	08:24:42	+36.148968	-137.955917		33.940	20.067	25.0145	12.00	1.50	5.29	0.2207	0.0605	0.2015	100006631	0.0	11124	5.71		0.066	4.670	0001.0
sds_2011_302_170	11302082759	29-10-2011	08:27:43	+36.140142	-137.964297		33.946	20.063	25.0145	11.99	1.50	5.29	0.2207	0.0607	0.2010	100186775	0.0	11189	5.71		0.066	4.669	0001.0
sds_2011_302_171	11302083059	29-10-2011	08:30:44	+36.131278	-137.972777		33.947	20.068	25.0145	12.01	1.49	5.29	0.2261	0.0662	0.2061	100366878	0.0	11175	5.71		0.066	4.669	0001.0
sds_2011_302_172	11302083359	29-10-2011	08:33:43	+36.122533	-137.981108		33.956	20.071	25.0145	12.00	1.49	5.29	0.2188	0.0591	0.1989	100547145	0.0	11305	5.71		0.067	4.670	0001.0
sds_2011_302_173	11302083659	29-10-2011	08:36:44	+36.113753	-137.989373		33.966	20.039	25.0145	12.00	1.50	5.29	0.2183	0.0573	0.1971	100727288	0.0	11198	5.71		0.066	4.670	0001.0
sds_2011_302_174	11302083959	29-10-2011	08:39:45	+36.104987	-137.997660		33.959	20.032	25.0145	12.00	1.49	5.29	0.2204	0.0612	0.2018	100907438	0.0	11195	5.71		0.066	4.669	0001.0
sds_2011_302_175	11302084259	29-10-2011	08:42:46	+36.096168	-138.006048		33.958	20.023	25.0145	12.00	1.48	5.29	0.2223	0.0612	0.2008	101087601	0.0	11114	5.72		0.066	4.670	0001.0
sds_2011_302_176	11302084600	29-10-2011	08:45:45	+36.087498	-138.014292		0.066	4.6736	25.0145	12.02	1.48	5.29	0.2189	0.0584	0.1982	101268084	0.0	11229	5.71		4.669	19.4	0001.3
sds_2011_302_177	11302084900	29-10-2011	08:48:46	+36.078445	-138.022878		33.940	19.955	25.0145	12.01	1.48	5.29	0.2173	0.0570	0.1966	101448211	0.0	11223	5.71		0.066	4.670	0001.0
sds_2011_302_178	11302085200	29-10-2011	08:51:46	+36.069597	-138.031375		33.933	19.966	25.0145	11.99	1.49	5.29	0.2223	0.0626	0.2024	101628360	0.0	11237	5.71		0.066	4.670	0001.0
sds_2011_302_179	11302085500	29-10-2011	08:54:47	+36.060772	-138.039900		33.938	19.964	25.0145	11.99	1.48	5.29	0.2155	0.0557	0.1953	101808440	0.0	11235	5.71		0.066	4.670	0001.0
sds_2011_302_180	11302085801	29-10-2011	08:57:47	+36.052097	-138.048300		33.941	19.977	25.0145	12.00	1.48	5.29	0.2205	0.0610	0.2018	101988708	0.0	11285	5.71		0.066	4.670	0001.0
sds_2011_302_181	11302090101	29-10-2011	09:00:48	+36.043293	-138.056648		33.954	20.004	25.0145	12.01	1.47	5.29	0.2183	0.0565	0.1964	102168906	0.0	11240	5.71		0.066	4.663	0001.0
sds_2011_302_182	11302090401	29-10-2011	09:03:48	+36.034423	-138.065047		33.950	19.985	25.0145	11.99	1.46	5.29	0.2176	0.0587	0.1989	102349342	0.0	11144	5.71		0.066	4.669	0001.0
sds_2011_302_183	11302090701	29-10-2011	09:06:49	+36.025583	-138.073415		33.945	19.964	25.0145	12.01	1.46	5.29	0.2181	0.0583	0.1982	102529459	0.0	11147	5.71		0.066	4.669	0001.0
sds_2011_302_184	11302091001	29-10-2011	09:09:49	+36.016775	-138.081830		33.928	19.961	25.0145	12.01	1.48	5.29	0.2172	0.0579	0.1974	102709598	0.0	11121	5.71		0.066	4.670	0001.0
sds_2011_302_185	11302091302	29-10-2011	09:12:50	+36.007878	-138.090330		33.920	19.982	25.0145	12.00	1.48	5.29	0.2233	0.0629	0.2034	102890046	0.0	11120	5.71		0.066	4.670	0001.0
sds_2011_302_186	11302091602	29-10-2011	09:15:49	+35.999107	-138.098727		33.917	19.983	25.0145	11.98	1.47	5.29	0.2215	0.0607	0.2015	103070174	0.0	11039	5.71		0.066	4.672	0001.0
sds_2011_302_187	11302091902	29-10-2011	09:18:50	+35.990242	-138.107088		33.922	20.025	25.0145	12.00	1.45	5.29	0.2149	0.0545	0.1948	103250295	0.0	11022	5.71		0.067	4.672	0001.0
sds_2011_302_188	11302092203	29-10-2011	09:21:50	+35.981408	-138.115362		33.932	20.074	25.0145	12.01	1.44	5.29	0.2220	0.0623	0.2024	103430715	0.0	11047	5.71		0.066	4.672	0001.0
sds_2011_302_189	11302092503	29-10-2011	09:24:51	+35.972542	-138.123605		33.930	20.027	25.0145	12.02	1.45	5.29	0.2160	0.0566	0.1964	103610842	0.0	11016	5.71		0.066	4.672	0001.0
sds_2011_302_190	11302092803	29-10-2011	09:27:51	+35.963618	-138.131963		33.919	20.033	25.0145	12.00	1.44	5.29	0.2238	0.0631	0.2034	103790971	0.0	11120	5.71		0.066	4.672	0001.0
sds_2011_302_191	11302093103	29-10-2011	09:30:52	+35.954748	-138.140263		33.916	20.018	25.0145	12.01	1.43	5.29	0.2239	0.0647	0.2049	103971118	0.0	11078	5.71		0.066	4.672	0001.0
sds_2011_302_192	11302093403	29-10-2011	09:33:53	+35.945815	-138.148637		33.916	20.021	25.0145	12.00	1.43	5.29	0.2217	0.0613	0.2024	104151526	0.0	11115	5.72		0.066	4.672	0001.0
sds_2011_302_193	11302093703	29-10-2011	09:36:52	+35.937030	-138.156860		33.910	20.025	25.0145	12.00	1.43	5.29	0.2204	0.0605	0.2019	104331643	0.0	11123	5.72		0.066	4.672	0001.0
sds_2011_302_194	11302094004	29-10-2011	09:38:51	+35.931172	-138.162322		33.906	20.029	25.0145	12.01	1.44	5.29	0.2175	0.0581	0.1984	104449757	0.0	11161	5.72		0.066	4.673	0001.0
sds_2011_302_195	11302094304	29-10-2011	09:41:52	+35.922260	-138.170663		33.902	20.006	25.0145	12.00	1.44	5.29	0.2309	0.0714	0.2113	104630135	0.0	11132	5.71		0.066	4.672	0001.0
sds_2011_302_196	11302094604	29-10-2011	09:44:52	+35.913322	-138.179143		33.884	19.981	25.0145	12.00	1.44	5.29	0.2184	0.0584	0.1989	104810272	0.0	11243	5.72		0.066	4.672	0001.0
sds_2011_302_197	11302094904	29-10-2011	09:47:52	+35.904515	-138.187600		33.863	19.974	25.0145	11.99	1.43	5.29	0.2270	0.0675	0.2071	104990348	0.0	11248	5.72		0.067	4.672	0001.0
sds_2011_302_198	11302095205	29-10-2011	09:50:53	+35.895577	-138.196233		33.841	19.941	25.0145	12.00	1.41	5.29	0.2162	0.0565	0.1969	105170780	0.0	11197	5.72		0.066	4.672	0001.0
sds_2011_302_199	11302095505	29-10-2011	09:53:54	+35.886702	-138.204817		33.829	19.942	25.0145	12.02	1.41	5.29	0.2228	0.0641	0.2050	105350915	0.0	11189	5.72		0.067	4.672	0001.0
sds_2011_302_200	11302095805	29-10-2011	09:56:53	+35.877773	-138.213362		33.835	19.957	25.0145	11.99	1.41	5.29	0.2238	0.0641	0.2047	105531357	0.0	11137	5.73		0.066	4.670	0001.0
sds_2011_302_201	11302100105	29-10-2011	09:59:54	+35.868758	-138.221715		33.876	20.033	25.0145	12.01	1.40	5.29	0.2160	0.0549	0.1950	105711544	0.0	11182	5.73		0.066	4.672	0001.0
sds_2011_302_202	11302100405	29-10-2011	10:02:55	+35.859557	-138.230083		33.862	19.975	25.0145	12.01	1.40	5.29	0.2209	0.0600	0.2003	105891687	0.0	11089	5.73		0.066	4.672	0001.0
sds_2011_302_203	11302100706	29-10-2011	10:05:56	+35.850502	-138.238383		33.815	19.938	25.0145	12.00	1.39	5.29	0.2215	0.0602	0.2011	106072057	0.0	11100	5.73		0.066	4.668	0001.0
sds_2011_302_204	11302101006	29-10-2011	10:08:55	+35.841408	-138.246785		33.819	19.949	25.0145	12.00	1.40	5.29	0.2207	0.0607	0.2010	106252191	0.0	11037	5.73		0.066	4.672	0001.0
sds_2011_302_205	11302101306	29-10-2011	10:11:56	+35.832233	-138.255105		33.836	19.999	25.0145	11.99	1.39	5.29	0.2201	0.0591	0.2002	106432594	0.0	11217	5.73		0.067	4.672	0001.0
sds_2011_302_206	11302101607	29-10-2011	10:14:56	+35.823112	-138.263232		33.852	19.975	25.0145	12.01	1.41	5.29	0.2186	0.0570	0.1969	106612750	0.0	11180	5.73		0.066	4.672	0001.0
sds_2011_302_207	11302101907	29-10-2011	10:17:57	+35.813733	-138.271770		33.773	19.959	25.0145	12.00	1.40	5.29	0.2196	0.0595	0.2003	106792896	0.0	11035	5.73		0.066	4.670	0001.0
sds_2011_302_208	11302102207	29-10-2011	10:20:57	+35.804692	-138.280168		33.756	19.985	25.0145	11.99	1.39	5.29	0.2197	0.0589	0.2000	106973010	0.0	10833	5.74		0.066	4.672	0001.0
sds_2011_302_209	11302102507	29-10-2011	10:23:58	+35.795643	-138.288665		33.791	19.991	25.0145	11.99	1.38	5.29	0.2270	0.0673	0.2079	107153281	0.0	10974	5.74		0.066	4.670	0001.0
sds_2011_302_210	11302102808	29-10-2011	10:26:58	+35.786567	-138.297147		33.834	19.99	25.0145	12.01	1.38	5.29	0.2189	0.0583	0.1992	107333714	0.0	11018	5.73		0.066	4.672	0001.0
sds_2011_302_211	11302103108	29-10-2011	10:29:58	+35.777447	-138.305675		33.842	19.982	25.0145	12.00	1.38	5.29	0.2204	0.0604	0.2005	107513785	0.0	11140	5.73		0.067	4.670	0001.0
sds_2011_302_212	11302103408	29-10-2011	10:32:59	+35.768457	-138.314127		33.858	19.995	25.0145	12.00	1.39	5.29	0.2243	0.0638	0.2049	107693907	0.0	11172	5.73		0.066	4.672	0001.0
sds_2011_302_213	11302103708	29-10-2011	10:35:59	+35.759437	-138.322500		33.900	20.005	25.0145	12.00	1.39	5.29	0.2191	0.0594	0.1995	107874330	0.0	11063	5.73		0.066	4.672	0001.0
sds_2011_302_214	11302104008	29-10-2011	10:38:59	+35.750433	-138.330923		33.906	20.008	25.0145	11.99	1.39	5.29	0.2215	0.0618	0.2021	108054281	0.0	11047	5.73		0.066	4.672	0001.0
sds_2011_302_215	11302104308	29-10-2011	10:42:00	+35.741372	-138.339407		33.906	19.954	25.0145	12.00	1.38	5.29	0.2167	0.0558	0.1971	108234675	0.0	10976	5.74		0.066	4.673	0001.0
sds_2011_302_216	11302104609	29-10-2011	10:45:01	+35.732337	-138.347783		33.887	19.947	25.0145	12.00	1.39	5.29	0.2188	0.0584	0.1994	108414802	0.0	10965	5.73		0.066	4.670	0001.0
sds_2011_302_217	11302104909	29-10-2011	10:48:02	+35.723182	-138.356218		33.890	19.933	25.0145	12.01	1.39	5.29	0.2188	0.0604	0.2010	108595183	0.0	10991	5.73		0.066	4.673	0001.0
sds_2011_302_218	11302105209	29-10-2011	10:51:01	+35.714125	-138.364498		33.912	20.121	25.0145	11.99	1.40	5.29	0.2215	0.0597	0.2016	108775289	0.0	11017	5.74		0.066	4.672	0001.0
sds_2011_302_219	11302105509	29-10-2011	10:54:02	+35.704988	-138.372835		33.959	20.213	25.0145	11.99	1.40	5.29	0.2183	0.0576	0.1984	108955404	0.0	11039	5.73		0.066	4.667	0001.0
sds_2011_302_220	11302105809	29-10-2011	10:57:02	+35.695902	-138.380973		33.973	20.209	25.0145	12.00	1.40	5.29	0.2180	0.0581	0.1984	109135546	0.0	10978	5.73		0.066	4.673	0001.0
sds_2011_302_221	11302110109	29-10-2011	11:00:02	+35.686700	-138.389255		33.978	20.162	25.0145	11.99	1.39	5.29	0.2209	0.0602	0.2002	109315643	0.0	11098	5.73		0.067	4.672	0001.0
sds_2011_302_222	11302110410	29-10-2011	11:03:03	+35.677567	-138.397763		33.976	20.096	25.0145	12.00	1.40	5.29	0.2249	0.0657	0.2063	109496045	0.0	10891	5.73		0.066	4.672	0001.0
sds_2011_302_223	11302110710	29-10-2011	11:06:03	+35.668520	-138.406330		33.955	20.075	25.0145	12.01	1.40	5.29	0.2231	0.0608	0.2015	109676061	0.0	10913	5.74		0.066	4.670	0001.0
sds_2011_302_224	11302111010	29-10-2011	11:09:04	+35.659422	-138.414957		33.944	20.02	25.0145	12.00	1.38	5.29	0.2288	0.0681	0.2099	109856407	0.0	11013	5.73		0.066	4.656	0001.0
sds_2011_302_225	11302111311	29-10-2011	11:12:04	+35.650368	-138.423590		33.922	20.019	25.0145	12.01	1.38	5.29	0.2188	0.0584	0.2002	110036703	0.0	10973	5.74		0.066	4.670	0001.0
sds_2011_302_226	11302111611	29-10-2011	11:15:05	+35.641253	-138.432270		33.927	20.047	25.0145	12.02	1.39	5.29	0.2210	0.0599	0.1997	110216838	0.0	11045	5.73		0.066	4.670	0001.0
sds_2011_302_227	11302111911	29-10-2011	11:18:05	+35.632263	-138.440800		33.935	20.071	25.0145	12.00	1.38	5.29	0.2223	0.0613	0.2021	110397137	0.0	11102	5.74		0.066	4.670	0001.0
sds_2011_302_228	11302112211	29-10-2011	11:21:06	+35.622997	-138.449620		33.928	20.032	25.0145	11.99	1.37	5.29	0.2246	0.0639	0.2045	110577135	0.0	11010	5.74		0.066	4.672	0001.0
sds_2011_302_229	11302112511	29-10-2011	11:24:05	+35.613948	-138.458340		33.899	20.012	25.0145	12.00	1.36	5.29	0.2193	0.0592	0.1994	110757480	0.0	10895	5.74		0.066	4.667	0001.0
sds_2011_302_230	11302112811	29-10-2011	11:27:06	+35.604830	-138.467150		33.886	20.057	25.0145	11.99	1.36	5.29	0.2280	0.0675	0.2091	110937515	0.0	10873	5.74		0.066	4.672	0001.0
sds_2011_302_231	11302113112	29-10-2011	11:30:07	+35.595608	-138.476152		33.888	20.111	25.0145	12.00	1.37	5.29	0.2167	0.0561	0.1964	111117919	0.0	10927	5.75		0.066	4.672	0001.0
sds_2011_302_232	11302113412	29-10-2011	11:33:08	+35.586572	-138.484975		33.901	20.172	25.0145	12.00	1.38	5.29	0.2186	0.0584	0.1994	111297971	0.0	10770	5.74		0.066	4.672	0001.0
sds_2011_302_233	11302113712	29-10-2011	11:36:07	+35.577630	-138.493628		33.912	20.204	25.0145	12.01	1.38	5.29	0.2207	0.0592	0.2002	111478352	0.0	10824	5.75		0.066	4.669	0001.0
sds_2011_302_234	11302114013	29-10-2011	11:39:08	+35.568558	-138.502340		33.909	20.17	25.0145	12.01	1.38	5.29	0.2227	0.0615	0.2031	111658722	0.0	10821	5.75		0.066	4.672	0001.0
sds_2011_302_235	11302114313	29-10-2011	11:42:09	+35.559513	-138.511117		33.892	20.189	25.0145	12.01	1.37	5.29	0.2222	0.0625	0.2039	111839035	0.0	10723	5.74		0.065	4.672	0001.0
sds_2011_302_236	11302114613	29-10-2011	11:45:09	+35.550512	-138.519837		33.882	20.217	25.0145	12.01	1.37	5.29	0.2180	0.0558	0.1969	112019048	0.0	10773	5.74		0.066	4.670	0001.0
sds_2011_302_237	11302114913	29-10-2011	11:48:08	+35.541495	-138.528497		33.881	20.23	25.0145	11.99	1.36	5.29	0.2275	0.0652	0.2058	112199366	0.0	10735	5.75		0.067	4.672	0001.0
sds_2011_302_238	11302115213	29-10-2011	11:51:10	+35.532418	-138.537157		33.870	20.222	25.0145	11.99	1.36	5.29	0.2197	0.0589	0.1998	112379428	0.0	10848	5.75		0.066	4.672	0001.0
sds_2011_302_239	11302115514	29-10-2011	11:54:10	+35.523385	-138.545720		33.853	20.185	25.0145	12.00	1.35	5.29	0.2189	0.0581	0.1989	112559823	0.0	10789	5.75		0.066	4.670	0001.0
sds_2011_302_240	11302115814	29-10-2011	11:57:11	+35.515157	-138.553600		33.829	20.19	25.0145	11.99	1.36	5.29	0.2181	0.0578	0.1981	112739879	0.0	10827	5.75		0.066	4.672	0001.0
sds_2011_302_241	11302120114	29-10-2011	12:00:11	+35.512535	-138.556282		33.825	20.17	25.0145	12.00	1.37	5.29	0.2168	0.0566	0.1961	112919871	0.0	10857	5.75		0.066	4.672	0001.0
sds_2011_302_242	11302120414	29-10-2011	12:03:11	+35.509873	-138.558958		33.823	20.152	25.0145	12.02	1.43	5.29	0.2191	0.0579	0.2003	113100268	0.0	10913	5.74		0.066	4.672	0001.0
sds_2011_302_243	11302120714	29-10-2011	12:06:12	+35.505025	-138.563587		33.817	20.155	25.0145	12.00	1.44	5.29	0.2201	0.0595	0.2000	113280340	0.0	11021	5.75		0.066	4.670	0001.0
sds_2011_302_244	11302121014	29-10-2011	12:09:13	+35.497563	-138.570563		33.811	20.149	25.0145	11.99	1.44	5.29	0.2191	0.0576	0.1989	113460662	0.0	10982	5.75		0.066	4.672	0001.0
sds_2011_302_245	11302121315	29-10-2011	12:12:13	+35.488765	-138.578677		33.805	20.136	25.0145	12.01	1.42	5.29	0.2199	0.0592	0.2008	113641044	0.0	10981	5.75		0.066	4.672	0001.0
sds_2011_302_246	11302121615	29-10-2011	12:15:14	+35.479747	-138.586975		33.809	20.134	25.0145	12.01	1.42	5.29	0.2205	0.0608	0.2015	113821161	0.0	10984	5.76		0.066	4.672	0001.0
sds_2011_302_247	11302121915	29-10-2011	12:18:14	+35.470635	-138.595292		33.816	20.296	25.0145	11.99	1.41	5.29	0.2193	0.0583	0.1992	114001472	0.0	11095	5.75		0.066	4.670	0001.0
sds_2011_302_248	11302122216	29-10-2011	12:21:14	+35.461567	-138.603505		33.908	20.333	25.0145	11.99	1.41	5.29	0.2248	0.0636	0.2052	114181762	0.0	11144	5.75		0.066	4.670	0001.0
sds_2011_302_249	11302122516	29-10-2011	12:24:15	+35.452493	-138.611695		33.924	20.294	25.0145	11.98	1.40	5.29	0.2172	0.0574	0.1979	114362078	0.0	11327	5.75		0.066	4.669	0001.0
sds_2011_302_250	11302122816	29-10-2011	12:27:16	+35.443492	-138.619757		33.903	20.265	25.0145	12.01	1.40	5.29	0.2207	0.0602	0.2018	114542153	0.0	11223	5.75		0.066	4.669	0001.0
sds_2011_302_251	11302123116	29-10-2011	12:30:16	+35.434445	-138.627822		33.907	20.327	25.0145	12.01	1.40	5.29	0.2220	0.0615	0.2024	114722305	0.0	11206	5.75		0.066	4.669	0001.0
sds_2011_302_252	11302123416	29-10-2011	12:33:16	+35.425492	-138.635865		33.922	20.329	25.0145	12.01	1.39	5.29	0.2209	0.0602	0.2015	114902667	0.0	11296	5.75		0.066	4.670	0001.0
sds_2011_302_253	11302123717	29-10-2011	12:36:17	+35.416367	-138.644078		33.912	20.36	25.0145	11.99	1.39	5.29	0.2159	0.0542	0.1956	115083022	0.0	11109	5.75		0.066	4.670	0001.0
sds_2011_302_254	11302124017	29-10-2011	12:39:17	+35.407398	-138.652072		33.949	20.434	25.0145	12.00	1.38	5.29	0.2152	0.0550	0.1956	115263133	0.0	11327	5.75		0.066	4.670	0001.0
sds_2011_302_255	11302124317	29-10-2011	12:42:17	+35.398475	-138.660072		33.980	20.439	25.0145	12.02	1.37	5.29	0.2307	0.0715	0.2131	115443452	0.0	11347	5.73		0.066	4.672	0001.0
sds_2011_302_256	11302124618	29-10-2011	12:45:18	+35.389403	-138.668220		33.967	20.434	25.0145	12.00	1.36	5.29	0.2199	0.0599	0.2010	115623822	0.0	11362	5.72		0.066	4.669	0001.0
sds_2011_302_257	11302124918	29-10-2011	12:48:18	+35.380453	-138.676358		33.967	20.451	25.0145	12.00	1.37	5.29	0.2180	0.0586	0.1995	115803869	0.0	11381	5.72		0.066	4.672	0001.0
sds_2011_302_258	11302125218	29-10-2011	12:51:19	+35.371407	-138.684495		33.975	20.501	25.0145	12.01	1.37	5.29	0.2152	0.0561	0.1958	115984290	0.0	11352	5.72		0.066	4.670	0001.0
sds_2011_302_259	11302125518	29-10-2011	12:54:19	+35.362465	-138.692722		34.003	20.726	25.0145	11.99	1.36	5.29	0.2155	0.0560	0.1969	116164430	0.0	11174	5.72		0.067	4.672	0001.0
sds_2011_302_260	11302125818	29-10-2011	12:57:19	+35.353435	-138.700817		34.270	20.857	25.0145	12.01	1.36	5.29	0.2218	0.0620	0.2029	116344566	0.0	11225	5.72		0.066	4.673	0001.0
sds_2011_302_261	11302130119	29-10-2011	13:00:20	+35.344385	-138.708737		34.272	20.865	25.0145	11.99	1.35	5.29	0.2194	0.0591	0.1992	116524983	0.0	11266	5.72		0.066	4.674	0001.0
sds_2011_302_262	11302130419	29-10-2011	13:03:21	+35.335253	-138.716725		34.277	20.893	25.0145	11.99	1.34	5.29	0.2184	0.0589	0.1995	116705068	0.0	11406	5.72		0.066	4.675	0001.0
sds_2011_302_263	11302130719	29-10-2011	13:06:21	+35.326103	-138.724843		34.262	20.858	25.0145	12.00	1.35	5.29	0.2220	0.0615	0.2018	116884896	0.0	11388	5.71		0.066	4.678	0001.0
sds_2011_302_264	11302131019	29-10-2011	13:09:21	+35.316982	-138.732932		34.253	20.769	25.0145	12.00	1.35	5.29	0.2173	0.0570	0.1974	117065340	0.0	11498	5.72		0.066	4.676	0001.0
sds_2011_302_265	11302131319	29-10-2011	13:12:22	+35.307910	-138.740988		34.185	20.756	25.0145	12.00	1.35	5.29	0.2178	0.0583	0.1972	117245440	0.0	11469	5.71		0.066	4.678	0001.0
sds_2011_302_266	11302131620	29-10-2011	13:15:23	+35.298825	-138.749033		34.143	20.735	25.0145	12.00	1.36	5.29	0.2189	0.0595	0.2006	117425780	0.0	11497	5.71		0.066	4.676	0001.0
sds_2011_302_267	11302131920	29-10-2011	13:18:22	+35.289780	-138.756992		34.119	20.707	25.0145	12.00	1.36	5.29	0.2168	0.0558	0.1960	117605777	0.0	11484	5.71		0.065	4.678	0001.0
sds_2011_302_268	11302132220	29-10-2011	13:21:23	+35.280640	-138.765008		34.113	20.711	25.0145	12.00	1.35	5.29	0.2165	0.0566	0.1976	117786125	0.0	11562	5.70		0.066	4.678	0001.0
sds_2011_302_269	11302132520	29-10-2011	13:24:24	+35.271657	-138.772928		34.114	20.719	25.0145	12.00	1.35	5.29	0.2184	0.0581	0.1992	117966194	0.0	11618	5.71		0.065	4.678	0001.0
sds_2011_302_270	11302132820	29-10-2011	13:27:24	+35.262742	-138.780873		34.131	20.711	25.0145	12.00	1.34	5.29	0.2152	0.0571	0.1977	118146519	0.0	11619	5.70		0.066	4.676	0001.0
sds_2011_302_271	11302133121	29-10-2011	13:30:24	+35.253742	-138.788870		34.138	20.747	25.0145	11.99	1.34	5.29	0.2186	0.0591	0.2000	118326887	0.0	11730	5.71		0.065	4.679	0001.0
sds_2011_302_272	11302133421	29-10-2011	13:33:24	+35.244762	-138.796868		34.150	20.743	25.0145	12.01	1.34	5.29	0.2146	0.0553	0.1950	118506960	0.0	11690	5.71		0.066	4.679	0001.0
sds_2011_302_273	11302133721	29-10-2011	13:36:25	+35.235755	-138.804867		34.174	20.785	25.0145	11.99	1.34	5.29	0.2194	0.0599	0.1998	118687341	0.0	11600	5.70		0.065	4.678	0001.0
sds_2011_302_274	11302134021	29-10-2011	13:39:26	+35.226690	-138.812863		34.205	20.893	25.0145	12.02	1.32	5.29	0.2204	0.0620	0.2021	118867657	0.0	11712	5.71		0.066	4.679	0001.0
sds_2011_302_275	11302134322	29-10-2011	13:42:26	+35.217702	-138.820812		34.311	21.203	25.0145	12.01	1.33	5.29	0.2175	0.0573	0.1985	119047698	0.0	11660	5.70		0.066	4.678	0001.0
sds_2011_302_276	11302134622	29-10-2011	13:45:27	+35.208582	-138.828810		34.339	21.185	25.0145	11.99	1.32	5.29	0.2152	0.0565	0.1972	119228025	0.0	11451	5.71		0.066	4.678	0001.0
sds_2011_302_277	11302134922	29-10-2011	13:48:27	+35.199527	-138.836818		34.311	21.152	25.0145	12.00	1.32	5.29	0.2196	0.0592	0.2005	119408078	0.0	11392	5.71		0.066	4.679	0001.0
sds_2011_302_278	11302135222	29-10-2011	13:51:27	+35.190468	-138.844835		34.285	21.198	25.0145	12.02	1.34	5.29	0.2209	0.0607	0.2006	119588147	0.0	11515	5.71		0.066	4.678	0001.0
sds_2011_302_279	11302135522	29-10-2011	13:54:28	+35.181490	-138.852952		34.256	21.211	25.0145	11.98	1.36	5.29	0.2131	0.0534	0.1934	119768504	0.0	11226	5.71		0.065	4.676	0001.0
sds_2011_302_280	11302135823	29-10-2011	13:57:28	+35.172567	-138.861040		34.239	21.093	25.0145	12.01	1.36	5.29	0.2139	0.0549	0.1945	119948810	0.0	11197	5.70		0.065	4.678	0001.0
sds_2011_302_281	11302140123	29-10-2011	14:00:29	+35.163588	-138.869120		34.251	21.147	25.0145	12.00	1.36	5.29	0.2303	0.0715	0.2131	120129137	0.0	11128	5.72		0.065	4.678	0001.0
sds_2011_302_282	11302140423	29-10-2011	14:03:29	+35.154572	-138.877122		34.251	21.143	25.0145	11.99	1.37	5.29	0.2207	0.0613	0.2023	120309154	0.0	11083	5.71		0.065	4.679	0001.0
sds_2011_302_283	11302140723	29-10-2011	14:06:30	+35.145478	-138.885123		34.227	21.116	25.0145	12.01	1.37	5.29	0.2227	0.0639	0.2037	120489444	0.0	11093	5.71		0.066	4.679	0001.0
sds_2011_302_284	11302141024	29-10-2011	14:09:29	+35.136540	-138.893013		34.252	21.254	25.0145	12.00	1.37	5.29	0.2205	0.0610	0.2006	120669807	0.0	11087	5.71		0.065	4.679	0001.0
sds_2011_302_285	11302141324	29-10-2011	14:12:30	+35.127607	-138.901007		34.296	21.28	25.0145	11.99	1.36	5.29	0.2154	0.0576	0.1982	120850211	0.0	11113	5.71		0.065	4.679	0001.0
sds_2011_302_286	11302141624	29-10-2011	14:15:32	+35.118370	-138.909247		34.294	21.271	25.0145	11.99	1.34	5.29	0.2189	0.0592	0.1992	121030513	0.0	11109	5.71		0.065	4.679	0001.0
sds_2011_302_287	11302141924	29-10-2011	14:18:31	+35.109478	-138.917308		34.298	21.237	25.0145	11.99	1.32	5.29	0.2189	0.0595	0.2000	121210532	0.0	11156	5.71		0.065	4.679	0001.0
sds_2011_302_288	11302142225	29-10-2011	14:21:32	+35.100475	-138.925500		34.274	21.212	25.0145	12.01	1.32	5.29	0.2176	0.0587	0.1981	121390895	0.0	11175	5.71		0.066	4.675	0001.0
sds_2011_302_289	11302142535	29-10-2011	14:23:29	+35.094820	-138.930977		34.265	21.191	25.0145	11.98	1.32	5.29	0.3183	0.1440	0.3618	121581047	0.0	11103	5.69		0.066	4.679	0001.0
sds_2011_302_290	11302142835	29-10-2011	14:27:43	+35.082677	-138.943450		34.249	21.159	25.0145	12.00	1.32	5.29	1.0765	0.9503	1.1070	121761130	0.0	11363	5.63		0.065	4.678	0001.0
sds_2011_302_291	11302143135	29-10-2011	14:30:44	+35.073892	-138.952472		34.243	21.131	25.0145	12.01	1.31	5.29	0.2163	0.0568	0.1966	121941417	0.0	11375	5.71		0.065	4.678	0001.0
sds_2011_302_292	11302143436	29-10-2011	14:33:44	+35.065267	-138.961342		34.242	21.143	25.0145	12.00	1.31	5.29	0.2189	0.0586	0.1987	122121753	0.0	11407	5.71		0.065	4.676	0001.0
sds_2011_302_293	11302143736	29-10-2011	14:36:45	+35.056595	-138.970332		34.262	21.156	25.0145	12.00	1.33	5.29	0.2186	0.0586	0.1989	122301823	0.0	11386	5.71		0.066	4.676	0001.0
sds_2011_302_294	11302144036	29-10-2011	14:39:44	+35.048073	-138.979202		34.246	21.127	25.0145	12.03	1.33	5.29	0.2172	0.0581	0.1982	122481866	0.0	11374	5.72		0.066	4.678	0001.0
sds_2011_302_295	11302144336	29-10-2011	14:42:45	+35.039412	-138.988218		34.223	21.107	25.0145	11.99	1.33	5.29	0.2235	0.0636	0.2039	122662043	0.0	11394	5.72		0.065	4.679	0001.0
sds_2011_302_296	11302144636	29-10-2011	14:45:46	+35.030765	-138.997112		34.216	21.126	25.0145	11.99	1.35	5.29	0.2188	0.0595	0.1995	122842452	0.0	11259	5.71		0.065	4.678	0001.0
sds_2011_302_297	11302144936	29-10-2011	14:48:45	+35.022100	-139.006083		34.217	21.121	25.0145	11.99	1.36	5.29	0.2236	0.0636	0.2034	123022498	0.0	11396	5.72		0.066	4.679	0001.0
sds_2011_302_298	11302145237	29-10-2011	14:51:46	+35.013472	-139.014978		34.240	21.214	25.0145	11.99	1.36	5.29	0.2201	0.0600	0.2005	123202878	0.0	11267	5.72		0.065	4.679	0001.0
sds_2011_302_299	11302145537	29-10-2011	14:54:47	+35.004777	-139.023907		34.280	21.194	25.0145	12.01	1.38	5.29	0.2218	0.0621	0.2028	123383220	0.0	11388	5.71		0.065	4.679	0001.0
sds_2011_302_300	11302145837	29-10-2011	14:57:46	+34.996153	-139.032850		34.259	21.175	25.0145	11.99	1.39	5.29	0.2178	0.0581	0.1990	123563232	0.0	11395	5.71		0.065	4.679	0001.0
sds_2011_302_301	11302150137	29-10-2011	15:00:47	+34.987470	-139.041917		34.230	21.14	25.0145	12.00	1.40	5.29	0.2159	0.0568	0.1976	123743563	0.0	11361	5.71		0.066	4.679	0001.0
sds_2011_302_302	11302150437	29-10-2011	15:03:48	+34.978715	-139.051070		34.229	21.104	25.0145	12.00	1.39	5.29	0.2199	0.0610	0.2008	123923622	0.0	11471	5.71		0.066	4.674	0001.0
sds_2011_302_303	11302150738	29-10-2011	15:06:49	+34.970097	-139.060053		34.232	21.133	25.0145	11.99	1.39	5.29	0.2199	0.0610	0.2015	124103965	0.0	11637	5.71		0.066	4.678	0001.0
sds_2011_302_304	11302151038	29-10-2011	15:09:48	+34.961602	-139.069063		34.260	21.152	25.0145	12.01	1.40	5.29	0.2172	0.0574	0.1984	124284018	0.0	11617	5.72		0.065	4.679	0001.0
sds_2011_302_305	11302151338	29-10-2011	15:12:49	+34.953018	-139.078102		34.290	21.163	25.0145	12.00	1.39	5.29	0.2183	0.0579	0.1985	124464408	0.0	11483	5.71		0.065	4.679	0001.0
sds_2011_302_306	11302151638	29-10-2011	15:15:49	+34.944420	-139.086985		34.286	21.151	25.0145	11.99	1.38	5.29	0.2223	0.0617	0.2011	124644490	0.0	11333	5.71		0.066	4.679	0001.0
sds_2011_302_307	11302151938	29-10-2011	15:18:50	+34.935678	-139.095860		34.283	21.197	25.0145	12.01	1.39	5.29	0.2199	0.0597	0.1995	124824597	0.0	11316	5.71		0.065	4.679	0001.0
sds_2011_302_308	11302152239	29-10-2011	15:21:50	+34.926947	-139.104732		34.293	21.2	25.0145	12.00	1.42	5.29	0.2191	0.0608	0.2011	125004953	0.0	11209	5.71		0.065	4.679	0002.0
sds_2011_302_309	11302152539	29-10-2011	15:24:50	+34.918125	-139.113718		34.303	21.191	25.0145	11.98	1.44	5.29	0.2220	0.0626	0.2037	125185241	0.0	11249	5.71		0.065	4.680	0002.0
sds_2011_302_310	11302152839	29-10-2011	15:27:51	+34.909342	-139.122667		34.317	21.196	25.0145	12.01	1.45	5.29	0.2139	0.0553	0.1948	125365294	0.0	11205	5.71		0.066	4.680	0002.0
sds_2011_302_311	11302153139	29-10-2011	15:30:52	+34.900532	-139.131802		34.311	21.208	25.0145	12.01	1.45	5.29	0.2170	0.0570	0.1974	125545395	0.0	11161	5.71		0.065	4.680	0002.0
sds_2011_302_312	11302153439	29-10-2011	15:33:51	+34.891868	-139.140818		34.322	21.183	25.0145	12.02	1.45	5.29	0.2173	0.0574	0.1981	125725645	0.0	11106	5.71		0.066	4.680	0003.0
sds_2011_302_313	11302153740	29-10-2011	15:36:52	+34.883088	-139.149853		34.328	21.129	25.0145	12.00	1.45	5.29	0.2180	0.0591	0.1989	125905692	0.0	11130	5.71		0.066	4.679	0004.0
sds_2011_302_314	11302154040	29-10-2011	15:39:52	+34.874190	-139.158847		34.312	21.154	25.0145	12.00	1.44	5.29	0.2170	0.0578	0.1982	126086068	0.0	11162	5.71		0.065	4.678	0005.0
sds_2011_302_315	11302154340	29-10-2011	15:42:53	+34.865352	-139.167778		34.336	21.202	25.0145	12.00	1.45	5.29	0.2199	0.0604	0.2000	126266098	0.0	11227	5.71		0.065	4.676	0008.0
sds_2011_302_316	11302154640	29-10-2011	15:45:53	+34.856662	-139.176598		34.291	21.196	25.0145	12.00	1.45	5.29	0.2150	0.0549	0.1956	126446409	0.0	11037	5.71		0.065	4.679	0009.0
sds_2011_302_317	11302154940	29-10-2011	15:48:54	+34.847872	-139.185562		34.270	21.191	25.0145	12.00	1.45	5.29	0.2173	0.0576	0.1981	126626475	0.0	10991	5.71		0.065	4.680	0009.0
sds_2011_302_318	11302155241	29-10-2011	15:51:55	+34.839050	-139.194677		34.267	21.206	25.0145	12.01	1.46	5.29	0.2202	0.0615	0.2018	126806824	0.0	11050	5.71		0.066	4.680	0012.0
sds_2011_302_319	11302155541	29-10-2011	15:54:54	+34.830337	-139.203588		34.259	21.213	25.0145	12.00	1.48	5.29	0.2178	0.0578	0.1985	126987193	0.0	11029	5.71		0.066	4.680	0013.0
sds_2011_302_320	11302155841	29-10-2011	15:57:55	+34.821598	-139.212558		34.258	21.211	25.0145	12.00	1.48	5.29	0.2142	0.0549	0.1956	127167189	0.0	11006	5.70		0.066	4.679	0016.0
sds_2011_302_321	11302160141	29-10-2011	16:00:56	+34.813000	-139.221455		34.260	21.196	25.0145	11.98	1.47	5.29	0.2172	0.0586	0.1974	127347504	0.0	10967	5.70		0.065	4.679	0019.0
sds_2011_302_322	11302160442	29-10-2011	16:03:55	+34.804340	-139.230355		34.252	21.174	25.0145	12.00	1.48	5.29	0.2170	0.0566	0.1977	127527782	0.0	11026	5.71		0.065	4.679	0024.0
sds_2011_302_323	11302160742	29-10-2011	16:06:56	+34.795630	-139.239277		34.221	21.154	25.0145	11.97	1.48	5.29	0.2154	0.0565	0.1974	127708148	0.0	11084	5.70		0.065	4.678	0028.0
sds_2011_302_324	11302161042	29-10-2011	16:09:57	+34.786968	-139.248007		34.240	21.197	25.0145	12.01	1.48	5.29	0.2202	0.0608	0.2010	127888145	0.0	11243	5.70		0.066	4.679	0033.0
sds_2011_302_325	11302161342	29-10-2011	16:12:57	+34.778373	-139.256717		34.264	21.185	25.0145	12.01	1.46	5.29	0.2178	0.0576	0.1981	128068454	0.0	11424	5.70		0.065	4.680	0044.0
sds_2011_302_326	11302161643	29-10-2011	16:15:57	+34.769858	-139.265357		34.269	21.179	25.0145	12.01	1.47	5.29	0.2196	0.0607	0.2015	128248729	0.0	11046	5.70		0.066	4.678	0053.0
sds_2011_302_327	11302161943	29-10-2011	16:18:58	+34.761133	-139.274200		34.285	21.163	25.0145	12.01	1.48	5.29	0.2214	0.0617	0.2031	128428778	0.0	11095	5.70		0.065	4.680	0054.0
sds_2011_302_328	11302162243	29-10-2011	16:21:59	+34.752468	-139.283000		34.285	21.166	25.0145	12.01	1.48	5.29	0.2162	0.0566	0.1971	128609101	0.0	11156	5.70		0.065	4.679	0066.0
sds_2011_302_329	11302162543	29-10-2011	16:24:59	+34.743905	-139.291738		34.273	21.166	25.0145	12.01	1.48	5.29	0.2202	0.0597	0.2003	128789166	0.0	11213	5.70		0.065	4.680	0082.0
sds_2011_302_330	11302162843	29-10-2011	16:27:59	+34.734987	-139.300030		34.269	21.165	25.0145	11.98	1.47	5.29	0.2155	0.0566	0.1974	128969569	0.0	11319	5.70		0.065	4.680	0089.0
sds_2011_302_331	11302163144	29-10-2011	16:31:00	+34.725880	-139.308072		34.274	21.177	25.0145	11.99	1.47	5.29	0.2212	0.0625	0.2032	129149935	0.0	11304	5.70		0.065	4.679	0098.0
sds_2011_302_332	11302163444	29-10-2011	16:34:00	+34.716770	-139.316065		34.309	21.228	25.0145	12.00	1.48	5.29	0.2168	0.0591	0.1987	129329973	0.0	11332	5.70		0.066	4.679	0097.0
sds_2011_302_333	11302163744	29-10-2011	16:37:01	+34.707580	-139.324117		34.324	21.164	25.0145	12.01	1.48	5.29	0.2194	0.0607	0.2008	129510068	0.0	11239	5.70		0.065	4.680	0098.0
sds_2011_302_334	11302164044	29-10-2011	16:40:02	+34.698505	-139.332038		34.290	21.182	25.0145	11.99	1.48	5.29	0.2199	0.0615	0.2019	129690603	0.0	11163	5.70		0.065	4.679	0094.0
sds_2011_302_335	11302164344	29-10-2011	16:43:01	+34.689348	-139.339928		34.291	21.202	25.0145	12.00	1.48	5.29	0.2165	0.0571	0.1971	129870634	0.0	11182	5.71		0.065	4.679	0074.0
sds_2011_302_336	11302164645	29-10-2011	16:46:02	+34.680243	-139.347723		34.301	21.164	25.0145	12.01	1.48	5.29	0.2163	0.0573	0.1977	130050949	0.0	11253	5.70		0.065	4.679	0059.0
sds_2011_302_337	11302164945	29-10-2011	16:49:02	+34.670912	-139.355707		34.292	21.148	25.0145	12.01	1.46	5.29	0.2194	0.0604	0.2003	130231000	0.0	11284	5.70		0.065	4.680	0069.0
sds_2011_302_338	11302165245	29-10-2011	16:52:03	+34.661693	-139.363620		34.286	21.161	25.0145	12.01	1.45	5.29	0.2178	0.0584	0.1989	130411253	0.0	11238	5.70		0.065	4.678	0087.0
sds_2011_302_339	11302165545	29-10-2011	16:55:04	+34.652355	-139.371627		34.281	21.154	25.0145	12.00	1.46	5.29	0.2168	0.0570	0.1985	130591572	0.0	11305	5.71		0.065	4.680	0088.0
sds_2011_302_340	11302165845	29-10-2011	16:58:04	+34.643090	-139.379595		34.273	21.157	25.0145	11.98	1.45	5.29	0.2262	0.0667	0.2076	130771671	0.0	11302	5.70		0.066	4.680	0091.0
sds_2011_302_341	11302170146	29-10-2011	17:01:05	+34.633705	-139.387697		34.283	20.938	25.0145	11.98	1.44	5.29	0.2201	0.0610	0.2010	130952029	0.0	11233	5.71		0.065	4.680	0094.0
sds_2011_302_342	11302170446	29-10-2011	17:04:04	+34.624772	-139.395580		0.065	4.7941	25.0145	12.00	1.46	5.29	0.2223	0.0638	0.2029	131132064	0.0	11463	5.70		4.680	20.3	0050.7
sds_2011_302_343	11302170746	29-10-2011	17:07:05	+34.615587	-139.404133		34.170	20.862	25.0145	11.99	1.46	5.29	0.2189	0.0594	0.1984	131312478	0.0	11525	5.71		0.065	4.678	0096.0
sds_2011_302_344	11302171046	29-10-2011	17:10:06	+34.606632	-139.412483		34.184	20.911	25.0145	12.02	1.44	5.29	0.2172	0.0578	0.1982	131492540	0.0	11597	5.70		0.065	4.678	0102.0
sds_2011_302_345	11302171347	29-10-2011	17:13:07	+34.597742	-139.420823		34.242	21.167	25.0145	11.99	1.42	5.29	0.2112	0.0524	0.1917	131672700	0.0	11559	5.70		0.065	4.679	0109.0
sds_2011_302_346	11302171647	29-10-2011	17:16:06	+34.588885	-139.429157		34.352	21.221	25.0145	12.00	1.44	5.29	0.2186	0.0600	0.2003	131852826	0.0	11393	5.70		0.065	4.680	0124.0
sds_2011_302_347	11302171947	29-10-2011	17:19:07	+34.580148	-139.437615		34.346	21.202	25.0145	12.01	1.43	5.29	0.2210	0.0629	0.2037	132033189	0.0	11191	5.70		0.065	4.680	0453.0
sds_2011_302_348	11302172247	29-10-2011	17:22:08	+34.571395	-139.446045		34.240	20.957	25.0145	12.00	1.43	5.29	0.2141	0.0565	0.1968	132213306	0.0	11061	5.70		0.066	4.680	0441.0
sds_2011_302_349	11302172548	29-10-2011	17:25:07	+34.562647	-139.454447		34.187	20.958	25.0145	12.01	1.43	5.29	0.2173	0.0579	0.1977	132393704	0.0	11129	5.70		0.065	4.679	0433.0
sds_2011_302_350	11302172848	29-10-2011	17:28:08	+34.553807	-139.462993		34.175	20.954	25.0145	12.01	1.44	5.29	0.2163	0.0579	0.1972	132574028	0.0	11091	5.70		0.065	4.679	0537.0
sds_2011_302_351	11302173148	29-10-2011	17:31:09	+34.545000	-139.471657		34.165	20.993	25.0145	12.02	1.42	5.29	0.2298	0.0709	0.2112	132753926	0.0	11069	5.69		0.065	4.678	0553.0
sds_2011_302_352	11302173448	29-10-2011	17:34:08	+34.536465	-139.480102		34.172	21.025	25.0145	11.99	1.42	5.29	0.2163	0.0586	0.1977	132934287	0.0	11040	5.69		0.065	4.680	0571.0
sds_2011_302_353	11302173748	29-10-2011	17:37:09	+34.527737	-139.488767		34.177	21.021	25.0145	12.03	1.42	5.29	0.2189	0.0599	0.2000	133114395	0.0	10989	5.70		0.065	4.679	0578.0
sds_2011_302_354	11302174049	29-10-2011	17:40:10	+34.519085	-139.497323		34.169	21.025	25.0145	12.00	1.42	5.29	0.2172	0.0589	0.1994	133294808	0.0	11034	5.70		0.063	4.675	0592.0
sds_2011_302_355	11302174349	29-10-2011	17:43:11	+34.510573	-139.505087		34.181	21.053	25.0145	12.00	1.43	5.29	0.2199	0.0608	0.2006	133474893	0.0	11057	5.70		0.063	4.678	0593.0
sds_2011_302_356	11302174649	29-10-2011	17:46:10	+34.508848	-139.507047		34.191	21.05	25.0145	12.01	1.44	5.29	0.2197	0.0615	0.2018	133654994	0.0	10972	5.70		0.065	4.678	0628.0
sds_2011_302_357	11302174949	29-10-2011	17:49:11	+34.504973	-139.510782		34.188	21.042	25.0145	12.00	1.48	5.29	0.2184	0.0600	0.2002	133835159	0.0	11003	5.69		0.065	4.679	0600.0
sds_2011_302_358	11302175249	29-10-2011	17:52:12	+34.497627	-139.517947		34.178	20.988	25.0145	11.99	1.51	5.29	0.2277	0.0689	0.2100	134015331	0.0	10982	5.69		0.063	4.679	0582.0
sds_2011_302_359	11302175550	29-10-2011	17:55:12	+34.488953	-139.526482		34.139	20.916	25.0145	11.99	1.51	5.29	0.2162	0.0586	0.1982	134195754	0.0	10991	5.69		0.063	4.676	0659.0
sds_2011_302_360	11302175850	29-10-2011	17:58:12	+34.480237	-139.534810		34.127	20.965	25.0145	12.01	1.50	5.29	0.2181	0.0599	0.1997	134375827	0.0	10912	5.70		0.063	4.678	0661.0
sds_2011_302_361	11302180150	29-10-2011	18:01:12	+34.471337	-139.543030		34.162	21.056	25.0145	11.99	1.49	5.29	0.2154	0.0566	0.1956	134555945	0.0	10938	5.69		0.063	4.676	0688.0
sds_2011_302_362	11302180450	29-10-2011	18:04:13	+34.462405	-139.551297		34.167	21.006	25.0145	12.00	1.49	5.29	0.2186	0.0600	0.2008	134736174	0.0	10839	5.69		0.065	4.678	0646.0
sds_2011_302_363	11302180750	29-10-2011	18:07:14	+34.453582	-139.559455		34.134	20.947	25.0145	12.00	1.49	5.29	0.2142	0.0565	0.1963	134916606	0.0	10849	5.69		0.065	4.679	0423.0
sds_2011_302_364	11302181051	29-10-2011	18:10:14	+34.444872	-139.567570		34.103	20.949	25.0145	12.00	1.49	5.29	0.2178	0.0600	0.2000	135096713	0.0	10917	5.70		0.063	4.676	0686.0
sds_2011_302_365	11302181351	29-10-2011	18:13:15	+34.436172	-139.575662		34.084	20.908	25.0145	12.00	1.49	5.29	0.2243	0.0676	0.2081	135276866	0.0	10826	5.69		0.063	4.675	0702.0
sds_2011_302_366	11302181651	29-10-2011	18:16:15	+34.427322	-139.583770		34.074	20.87	25.0145	12.01	1.50	5.29	0.2188	0.0591	0.1992	135457233	0.0	10893	5.70		0.063	4.675	0717.0
sds_2011_302_367	11302181951	29-10-2011	18:19:16	+34.418517	-139.591830		34.055	20.847	25.0145	11.99	1.50	5.29	0.2193	0.0613	0.2008	135637356	0.0	10800	5.69		0.063	4.676	0702.0
sds_2011_302_368	11302182251	29-10-2011	18:22:15	+34.409750	-139.599837		34.053	20.865	25.0145	11.99	1.50	5.29	0.2146	0.0561	0.1971	135817488	0.0	10668	5.69		0.065	4.676	0709.0
sds_2011_302_369	11302182551	29-10-2011	18:25:16	+34.400952	-139.607820		34.059	20.859	25.0145	12.00	1.50	5.29	0.2257	0.0646	0.2065	135997685	0.0	10721	5.69		0.063	4.675	0768.0
sds_2011_302_370	11302182852	29-10-2011	18:28:17	+34.392208	-139.615758		34.060	20.859	25.0145	11.99	1.51	5.29	0.2188	0.0602	0.2006	136178082	0.0	10733	5.69		0.063	4.676	0706.0
sds_2011_302_371	11302183152	29-10-2011	18:31:17	+34.383345	-139.623797		34.060	20.86	25.0145	11.99	1.52	5.29	0.2231	0.0667	0.2070	136358359	0.0	10605	5.69		0.063	4.675	0755.0
sds_2011_302_372	11302183452	29-10-2011	18:34:17	+34.374550	-139.631783		34.059	20.854	25.0145	11.99	1.52	5.29	0.2191	0.0617	0.2015	136538549	0.0	10541	5.68		0.065	4.676	0751.0
sds_2011_302_373	11302183752	29-10-2011	18:37:18	+34.365632	-139.639878		34.053	20.812	25.0145	12.02	1.51	5.29	0.2173	0.0586	0.1990	136718677	0.0	10598	5.68		0.063	4.676	0799.0
sds_2011_302_374	11302184053	29-10-2011	18:40:18	+34.356793	-139.647892		34.043	20.766	25.0145	12.01	1.51	5.29	0.2162	0.0583	0.1982	136899066	0.0	10582	5.69		0.063	4.678	0792.0
sds_2011_302_375	11302184353	29-10-2011	18:43:18	+34.347945	-139.655882		34.027	20.704	25.0145	12.04	1.53	5.29	0.2202	0.0641	0.2040	137079074	0.0	10557	5.69		0.063	4.674	0795.0
sds_2011_302_376	11302184653	29-10-2011	18:46:19	+34.339000	-139.664035		34.029	20.762	25.0145	12.01	1.52	5.29	0.2165	0.0592	0.1985	137259494	0.0	10434	5.69		0.063	4.676	0800.0
sds_2011_302_377	11302184954	29-10-2011	18:49:19	+34.330213	-139.671977		34.076	20.797	25.0145	12.01	1.53	5.29	0.2196	0.0621	0.2018	137439902	0.0	10346	5.69		0.063	4.676	0823.0
sds_2011_302_378	11302185254	29-10-2011	18:52:20	+34.321312	-139.680267		34.092	20.804	25.0145	12.01	1.52	5.29	0.2181	0.0583	0.1984	137620069	0.0	10262	5.69		0.063	4.675	0822.0
sds_2011_302_379	11302185554	29-10-2011	18:55:19	+34.312485	-139.688390		34.094	20.786	25.0145	12.00	1.52	5.29	0.2159	0.0584	0.1981	137800168	0.0	10274	5.69		0.065	4.676	0832.0
sds_2011_302_380	11302185854	29-10-2011	18:58:21	+34.303487	-139.696600		34.084	20.777	25.0145	12.00	1.52	5.29	0.2139	0.0552	0.1951	137980247	0.0	10301	5.69		0.063	4.676	0820.0
sds_2011_302_381	11302190154	29-10-2011	19:01:21	+34.294633	-139.704732		34.074	20.779	25.0145	11.99	1.52	5.29	0.2193	0.0608	0.2006	138160607	0.0	10259	5.69		0.063	4.676	0867.0
sds_2011_302_382	11302190455	29-10-2011	19:04:22	+34.285658	-139.713028		34.062	20.755	25.0145	11.99	1.53	5.29	0.2152	0.0574	0.1972	138340731	0.0	10224	5.68		0.063	4.676	0849.0
sds_2011_302_383	11302190755	29-10-2011	19:07:22	+34.276790	-139.721317		34.048	20.753	25.0145	11.99	1.51	5.29	0.2152	0.0579	0.1976	138520878	0.0	10311	5.68		0.065	4.675	0857.0
sds_2011_302_384	11302191055	29-10-2011	19:10:23	+34.267773	-139.729698		34.044	20.721	25.0145	11.99	1.49	5.29	0.2162	0.0597	0.1987	138701324	0.0	10354	5.68		0.063	4.676	0884.0
sds_2011_302_385	11302191355	29-10-2011	19:13:23	+34.258728	-139.738073		34.041	20.728	25.0145	11.99	1.49	5.29	0.2196	0.0618	0.2016	138881464	0.0	10341	5.68		0.063	4.675	0853.0
sds_2011_302_386	11302191655	29-10-2011	19:16:23	+34.249725	-139.746457		34.035	20.698	25.0145	11.99	1.50	5.29	0.2152	0.0563	0.1961	139061613	0.0	10358	5.67		0.063	4.675	0871.0
sds_2011_302_387	11302191956	29-10-2011	19:19:24	+34.240770	-139.754812		34.021	20.719	25.0145	12.02	1.50	5.29	0.2167	0.0591	0.1992	139241766	0.0	10337	5.67		0.063	4.675	0884.0
sds_2011_302_388	11302192256	29-10-2011	19:22:25	+34.231887	-139.763018		34.047	20.76	25.0145	12.00	1.48	5.29	0.2146	0.0571	0.1976	139422201	0.0	10351	5.68		0.063	4.676	0908.0
sds_2011_302_389	11302192556	29-10-2011	19:25:24	+34.223003	-139.771255		34.046	20.755	25.0145	11.98	1.47	5.29	0.2217	0.0633	0.2040	139602299	0.0	10251	5.68		0.063	4.675	0897.0
sds_2011_302_390	11302192856	29-10-2011	19:28:25	+34.214067	-139.779572		34.047	20.742	25.0145	12.00	1.47	5.29	0.2173	0.0589	0.1987	139782435	0.0	10219	5.67		0.063	4.676	0941.0
sds_2011_302_391	11302193157	29-10-2011	19:31:26	+34.205197	-139.787913		34.042	20.758	25.0145	12.00	1.48	5.29	0.2172	0.0578	0.1981	139962901	0.0	10253	5.67		0.063	4.676	1023.0
sds_2011_302_392	11302193457	29-10-2011	19:34:26	+34.196285	-139.796312		34.044	20.766	25.0145	11.98	1.48	5.29	0.2162	0.0583	0.1992	140143076	0.0	10259	5.68		0.065	4.675	1023.1
sds_2011_302_393	11302193757	29-10-2011	19:37:26	+34.187463	-139.804672		34.043	20.746	25.0145	11.98	1.47	5.29	0.2199	0.0623	0.2021	140323195	0.0	10156	5.68		0.063	4.676	1023.1
sds_2011_302_394	11302194057	29-10-2011	19:40:27	+34.178740	-139.812960		34.019	20.719	25.0145	12.01	1.46	5.29	0.2139	0.0558	0.1956	140503653	0.0	10216	5.68		0.063	4.676	1023.0
sds_2011_302_395	11302194358	29-10-2011	19:43:27	+34.170072	-139.821128		34.009	20.712	25.0145	12.00	1.45	5.29	0.2168	0.0589	0.1987	140683822	0.0	10255	5.68		0.063	4.676	1022.9
sds_2011_302_396	11302194658	29-10-2011	19:46:28	+34.161338	-139.829358		34.008	20.745	25.0145	12.01	1.48	5.29	0.2194	0.0602	0.2006	140863980	0.0	10222	5.68		0.063	4.675	1022.8
sds_2011_302_397	11302194958	29-10-2011	19:49:29	+34.152592	-139.837577		34.012	20.78	25.0145	12.01	1.47	5.29	0.2118	0.0553	0.1942	141044422	0.0	10170	5.68		0.063	4.675	1022.9
sds_2011_302_398	11302195258	29-10-2011	19:52:29	+34.143970	-139.845692		34.025	20.784	25.0145	12.00	1.47	5.29	0.2163	0.0578	0.1984	141224506	0.0	10201	5.68		0.063	4.675	1022.9
sds_2011_302_399	11302195559	29-10-2011	19:55:30	+34.135335	-139.853748		34.030	20.785	25.0145	11.99	1.47	5.29	0.2176	0.0600	0.2002	141404981	0.0	10178	5.68		0.063	4.674	1022.9
sds_2011_302_400	11302195859	29-10-2011	19:58:29	+34.126815	-139.861672		34.029	20.749	25.0145	12.01	1.47	5.29	0.2180	0.0589	0.1994	141585105	0.0	10193	5.68		0.063	4.674	1022.9
sds_2011_302_401	11302200159	29-10-2011	20:01:30	+34.118137	-139.869815		34.017	20.759	25.0145	12.00	1.50	5.29	0.2191	0.0612	0.2006	141765234	0.0	9952	5.67		0.063	4.675	1022.8
sds_2011_302_402	11302200459	29-10-2011	20:04:31	+34.109417	-139.877815		34.009	20.713	25.0145	11.99	1.58	5.29	0.2162	0.0589	0.1985	141945591	0.0	10240	5.67		0.063	4.674	1022.8
sds_2011_302_403	11302200759	29-10-2011	20:07:31	+34.100683	-139.885640		34.004	20.724	25.0145	12.01	1.64	5.29	0.2214	0.0633	0.2036	142125647	0.0	10204	5.67		0.063	4.674	1022.7
sds_2011_302_404	11302201100	29-10-2011	20:10:31	+34.091977	-139.893440		34.007	20.746	25.0145	12.01	1.63	5.29	0.2181	0.0599	0.1995	142305728	0.0	10194	5.67		0.063	4.674	1023.0
sds_2011_302_405	11302201400	29-10-2011	20:13:32	+34.083303	-139.901377		34.042	20.784	25.0145	11.97	1.64	5.29	0.2129	0.0555	0.1956	142486061	0.0	10168	5.67		0.063	4.674	1022.9
sds_2011_302_406	11302201700	29-10-2011	20:16:32	+34.074510	-139.909293		34.085	20.776	25.0145	12.01	1.64	5.29	0.2217	0.0650	0.2045	142666380	0.0	10135	5.67		0.063	4.675	1023.0
sds_2011_302_407	11302202000	29-10-2011	20:19:34	+34.065538	-139.917178		34.096	20.8	25.0145	12.00	1.65	5.29	0.2184	0.0612	0.2016	142846420	0.0	10053	5.67		0.063	4.675	1022.9
sds_2011_302_408	11302202301	29-10-2011	20:22:34	+34.056678	-139.925022		34.094	20.793	25.0145	12.03	1.65	5.29	0.2204	0.0633	0.2016	143026797	0.0	10076	5.67		0.063	4.673	0966.0
sds_2011_302_409	11302202601	29-10-2011	20:25:34	+34.047925	-139.932870		34.083	20.802	25.0145	11.99	1.66	5.29	0.2197	0.0617	0.2019	143206812	0.0	10135	5.67		0.063	4.676	1013.0
sds_2011_302_410	11302202901	29-10-2011	20:28:36	+34.039063	-139.940797		34.066	20.818	25.0145	11.99	1.66	5.29	0.2312	0.0765	0.2162	143387228	0.0	10059	5.65		0.065	4.675	1008.0
sds_2011_302_411	11302203201	29-10-2011	20:31:35	+34.030343	-139.948597		34.052	20.787	25.0145	12.01	1.66	5.29	0.2316	0.0736	0.2134	143567285	0.0	10111	5.66		0.063	4.675	1022.7
sds_2011_302_412	11302203501	29-10-2011	20:34:36	+34.021510	-139.956615		34.036	20.783	25.0145	12.00	1.64	5.29	0.2197	0.0625	0.2019	143747634	0.0	10078	5.66		0.063	4.675	1022.7
sds_2011_302_413	11302203802	29-10-2011	20:37:37	+34.012570	-139.964760		34.029	20.772	25.0145	11.98	1.64	5.29	0.2170	0.0589	0.1981	143927919	0.0	10122	5.65		0.063	4.674	1022.7
sds_2011_302_414	11302204102	29-10-2011	20:40:37	+34.003703	-139.972838		34.026	20.779	25.0145	11.98	1.64	5.29	0.2181	0.0607	0.2000	144107952	0.0	10205	5.66		0.063	4.674	1022.6
sds_2011_302_415	11302204402	29-10-2011	20:43:38	+33.994757	-139.980897		34.099	20.771	25.0145	12.00	1.62	5.29	0.2251	0.0684	0.2079	144288101	0.0	10158	5.65		0.065	4.675	1022.7
sds_2011_302_416	11302204702	29-10-2011	20:46:38	+33.986000	-139.988947		34.086	20.807	25.0145	11.99	1.63	5.29	0.2189	0.0613	0.2005	144468225	0.0	10252	5.64		0.063	4.674	1022.6
sds_2011_302_417	11302205002	29-10-2011	20:49:39	+33.977132	-139.997140		34.094	20.838	25.0145	12.00	1.64	5.29	0.2254	0.0683	0.2087	144648456	0.0	10240	5.64		0.063	4.674	1022.6
sds_2011_302_418	11302205302	29-10-2011	20:52:39	+33.968228	-140.005340		34.102	20.877	25.0145	11.97	1.64	5.29	0.2154	0.0605	0.1990	144828617	0.0	10243	5.64		0.063	4.675	1022.6
sds_2011_302_419	11302205603	29-10-2011	20:55:39	+33.959263	-140.013520		34.107	20.875	25.0145	11.99	1.63	5.29	0.2194	0.0642	0.2031	145009089	0.0	10214	5.62		0.063	4.675	1022.8
sds_2011_302_420	11302205903	29-10-2011	20:58:40	+33.950265	-140.021673		34.102	20.869	25.0145	11.99	1.64	5.29	0.2186	0.0621	0.2016	145189238	0.0	10143	5.63		0.063	4.675	1022.5
sds_2011_302_421	11302210203	29-10-2011	21:01:40	+33.941395	-140.029747		34.082	20.846	25.0145	11.99	1.63	5.29	0.2129	0.0571	0.1966	145369419	0.0	10160	5.63		0.063	4.674	1022.5
sds_2011_302_422	11302210503	29-10-2011	21:04:35	+33.932863	-140.037563		34.056	20.82	25.0145	12.00	1.63	5.29	0.2107	0.0550	0.1943	145549603	0.0	10167	5.63		0.063	4.675	1022.2
sds_2011_302_423	11302210804	29-10-2011	21:07:41	+33.923710	-140.046112		34.015	21.017	25.0145	11.98	1.63	5.29	0.2150	0.0604	0.1989	145730073	0.0	10140	5.62		0.063	4.675	1022.3
sds_2011_302_424	11302211104	29-10-2011	21:10:42	+33.914827	-140.054340		34.136	20.973	25.0145	11.99	1.62	5.29	0.2178	0.0617	0.2013	145910269	0.0	10180	5.64		0.063	4.675	1112.0
sds_2011_302_425	11302211404	29-10-2011	21:13:40	+33.906127	-140.062373		34.120	20.962	25.0145	11.99	1.62	5.29	0.2134	0.0561	0.1951	146090410	0.0	10168	5.65		0.063	4.674	1022.4
sds_2011_302_426	11302211704	29-10-2011	21:16:42	+33.897217	-140.070505		34.187	21.221	25.0145	11.99	1.62	5.29	0.2212	0.0638	0.2037	146270559	0.0	10292	5.66		0.063	4.674	1022.3
sds_2011_302_427	11302212005	29-10-2011	21:19:42	+33.888352	-140.078525		34.216	21.223	25.0145	11.99	1.63	5.29	0.2303	0.0731	0.2131	146450698	0.0	10346	5.65		0.065	4.674	1022.3
sds_2011_302_428	11302212305	29-10-2011	21:22:42	+33.879543	-140.086633		34.226	21.244	25.0145	11.98	1.65	5.29	0.2207	0.0644	0.2039	146630842	0.0	10268	5.65		0.063	4.674	1022.2
sds_2011_302_429	11302212605	29-10-2011	21:25:43	+33.870758	-140.094780		34.215	21.26	25.0145	12.00	1.64	5.29	0.2176	0.0599	0.1990	146811268	0.0	10203	5.65		0.063	4.675	1022.2
sds_2011_302_430	11302212905	29-10-2011	21:28:44	+33.861918	-140.103005		34.213	21.236	25.0145	11.99	1.65	5.29	0.2201	0.0636	0.2023	146991223	0.0	10236	5.63		0.065	4.675	1022.3
sds_2011_302_431	11302213205	29-10-2011	21:31:44	+33.853227	-140.111065		34.206	21.216	25.0145	11.99	1.66	5.29	0.2121	0.0555	0.1940	147171666	0.0	10208	5.63		0.063	4.675	1022.2
sds_2011_302_432	11302213506	29-10-2011	21:34:44	+33.844515	-140.119108		34.196	21.23	25.0145	11.99	1.67	5.29	0.2183	0.0613	0.1998	147351880	0.0	10239	5.63		0.063	4.675	1022.2
sds_2011_302_433	11302213806	29-10-2011	21:37:45	+33.835677	-140.127280		34.207	21.254	25.0145	12.01	1.68	5.29	0.2184	0.0631	0.2016	147532154	0.0	10377	5.62		0.063	4.675	1022.3
sds_2011_302_434	11302214106	29-10-2011	21:40:46	+33.826907	-140.135410		34.208	21.277	25.0145	12.02	1.69	5.29	0.2181	0.0625	0.2016	147712297	0.0	10613	5.62		0.063	4.674	1022.2
sds_2011_302_435	11302214406	29-10-2011	21:43:46	+33.818155	-140.143515		34.214	21.273	25.0145	11.99	1.68	5.29	0.2113	0.0553	0.1935	147892464	0.0	10378	5.61		0.063	4.674	1021.9
sds_2011_302_436	11302214707	29-10-2011	21:46:47	+33.809342	-140.151853		34.213	21.245	25.0145	12.00	1.68	5.29	0.2142	0.0576	0.1971	148072928	0.0	10299	5.62		0.063	4.675	1022.1
sds_2011_302_437	11302215007	29-10-2011	21:49:47	+33.800533	-140.160272		34.211	21.262	25.0145	11.99	1.68	5.29	0.2193	0.0636	0.2018	148253111	0.0	10302	5.63		0.063	4.674	1022.1
sds_2011_302_438	11302215307	29-10-2011	21:52:48	+33.791793	-140.168678		34.208	21.278	25.0145	12.01	1.68	5.29	0.2204	0.0641	0.2028	148433502	0.0	10386	5.64		0.065	4.675	1014.0
sds_2011_302_439	11302222514	29-10-2011	22:24:02	+33.701640	-140.253960		34.197	21.255	30.8210	12.29	1.44	5.29	0.6524	0.3003	0.3951	901345	0.0	17963	5.62		0.065	4.674	1021.7
sds_2011_302_440	11302222814	29-10-2011	22:27:03	+33.693128	-140.261993		34.197	21.262	20.4540	12.00	1.40	5.29	0.2058	0.0474	0.1875	1081298	0.0	10660	5.65		0.063	4.673	0954.0
sds_2011_302_441	11302223114	29-10-2011	22:30:04	+33.684563	-140.269972		34.214	21.264	17.5808	12.01	1.35	5.29	0.2125	0.0537	0.1948	1261539	0.0	10517	5.65		0.063	4.674	1021.5
sds_2011_302_442	11302223414	29-10-2011	22:33:05	+33.675972	-140.278073		34.223	21.284	17.0689	12.01	1.32	5.29	0.2091	0.0518	0.1922	1441406	0.0	10260	5.65		0.065	4.674	1021.6
sds_2011_302_443	11302223714	29-10-2011	22:36:06	+33.667040	-140.286372		34.264	21.33	18.4717	12.00	1.31	5.29	0.2112	0.0531	0.1937	1621933	0.0	10345	5.65		0.063	4.674	1021.6
sds_2011_302_444	11302224015	29-10-2011	22:39:05	+33.658243	-140.294433		34.264	21.272	17.6753	12.00	1.31	5.29	0.2107	0.0536	0.1934	1802023	0.0	10566	5.65		0.063	4.674	1021.6
sds_2011_302_445	11302224315	29-10-2011	22:42:07	+33.649473	-140.302518		34.286	21.433	17.8094	12.01	1.32	5.29	0.2089	0.0515	0.1922	1982138	0.0	10538	5.65		0.065	4.674	1021.4
sds_2011_302_446	11302224615	29-10-2011	22:45:08	+33.640660	-140.310685		34.323	21.429	18.2499	12.01	1.32	5.29	0.2097	0.0519	0.1919	2162533	0.0	10579	5.65		0.063	4.675	1021.6
sds_2011_302_447	11302224915	29-10-2011	22:48:08	+33.631927	-140.318788		34.370	21.713	17.3785	11.99	1.31	5.29	0.2095	0.0513	0.1919	2342584	0.0	10532	5.65		0.063	4.674	1021.5
sds_2011_302_448	11302225215	29-10-2011	22:51:09	+33.623127	-140.326953		34.489	21.706	16.9691	12.01	1.31	5.29	0.2083	0.0513	0.1914	2522710	0.0	10515	5.64		0.065	4.675	1021.3
sds_2011_302_449	11302225515	29-10-2011	22:54:10	+33.614407	-140.335120		34.496	21.719	17.5259	12.01	1.30	5.29	0.2071	0.0492	0.1896	2702887	0.0	10415	5.64		0.063	4.676	1021.5
sds_2011_302_450	11302225816	29-10-2011	22:57:11	+33.605785	-140.343095		34.516	21.746	16.4486	12.01	1.28	5.29	0.2094	0.0519	0.1924	2883343	0.0	10375	5.65		0.063	4.676	1021.4
sds_2011_302_451	11302230116	29-10-2011	23:00:12	+33.597045	-140.351150		34.508	21.748	17.4992	12.01	1.29	5.29	0.2094	0.0523	0.1927	3063471	0.0	10304	5.65		0.063	4.675	1021.5
sds_2011_302_452	11302230416	29-10-2011	23:03:12	+33.588432	-140.359235		34.506	21.71	17.3824	11.99	1.30	5.29	0.2066	0.0487	0.1888	3243647	0.0	10394	5.65		0.065	4.676	1021.5
sds_2011_302_453	11302230717	29-10-2011	23:06:12	+33.579663	-140.367485		34.489	21.702	16.3881	11.99	1.31	5.29	0.2089	0.0516	0.1926	3424004	0.0	10340	5.65		0.063	4.675	1021.3
sds_2011_302_454	11302231017	29-10-2011	23:09:13	+33.570818	-140.375720		34.498	21.702	16.4632	11.99	1.30	5.29	0.2081	0.0502	0.1909	3604413	0.0	10340	5.65		0.063	4.675	1021.4
sds_2011_302_455	11302231317	29-10-2011	23:12:14	+33.561995	-140.383943		34.494	21.693	16.0630	11.99	1.29	5.29	0.2061	0.0492	0.1901	3784492	0.0	10375	5.65		0.063	4.675	1021.4
sds_2011_302_456	11302231617	29-10-2011	23:15:15	+33.553280	-140.392128		34.518	21.679	16.8089	12.00	1.29	5.29	0.2087	0.0510	0.1917	3964602	0.0	10366	5.65		0.065	4.675	1021.2
sds_2011_302_457	11302231917	29-10-2011	23:18:15	+33.544508	-140.400420		34.562	21.739	17.1634	12.00	1.29	5.29	0.2105	0.0521	0.1929	4144726	0.0	10340	5.65		0.065	4.675	1021.4
sds_2011_302_458	11302232218	29-10-2011	23:21:16	+33.535645	-140.408663		34.643	21.7	16.4966	12.00	1.30	5.29	0.2120	0.0547	0.1951	4325175	0.0	10304	5.65		0.063	4.675	0324.0
sds_2011_302_459	11302232518	29-10-2011	23:24:17	+33.527075	-140.416442		34.619	21.702	16.6826	12.01	1.30	5.29	0.2097	0.0521	0.1924	4505113	0.0	10235	5.65		0.065	4.675	0522.0
sds_2011_302_460	11302232818	29-10-2011	23:27:17	+33.523752	-140.419545		34.633	21.7	19.4512	12.01	1.30	5.29	0.2087	0.0519	0.1919	4685312	0.0	10264	5.65		0.065	4.676	0199.0
sds_2011_302_461	11302233118	29-10-2011	23:30:17	+33.521007	-140.422207		34.638	21.707	16.7545	11.99	1.30	5.29	0.2091	0.0513	0.1919	4865657	0.0	10347	5.65		0.063	4.675	0173.0
sds_2011_302_462	11302233419	29-10-2011	23:33:19	+33.515175	-140.427543		34.639	21.786	17.4263	12.02	1.31	5.29	0.2081	0.0495	0.1911	5046086	0.0	10411	5.65		0.063	4.675	1021.5
sds_2011_302_463	11302233719	29-10-2011	23:36:20	+33.506938	-140.435158		34.681	21.969	16.6935	12.01	1.32	5.29	0.2092	0.0510	0.1911	5226187	0.0	10451	5.65		0.065	4.675	1021.2
sds_2011_302_464	11302234019	29-10-2011	23:39:21	+33.498082	-140.443327		34.753	22.061	17.1977	12.00	1.33	5.29	0.2087	0.0511	0.1917	5406363	0.0	10403	5.65		0.063	4.676	1021.2
sds_2011_302_465	11302234319	29-10-2011	23:42:16	+33.489563	-140.451237		34.798	22.038	17.0957	12.00	1.34	5.29	0.2087	0.0515	0.1926	5586577	0.0	10299	5.65		0.063	4.676	1021.1
sds_2011_302_466	11302234619	29-10-2011	23:45:23	+33.480552	-140.459743		34.793	21.94	16.9323	11.98	1.33	5.29	0.2092	0.0516	0.1929	5766715	0.0	10294	5.65		0.063	4.676	1021.1
sds_2011_302_467	11302234920	29-10-2011	23:48:23	+33.471740	-140.467940		34.747	21.883	18.6863	12.01	1.34	5.29	0.2102	0.0539	0.1935	5947079	0.0	10352	5.65		0.065	4.676	1021.3
sds_2011_302_468	11302235220	29-10-2011	23:51:23	+33.462915	-140.476158		34.736	21.883	17.1747	12.00	1.35	5.29	0.2087	0.0515	0.1919	6127267	0.0	10407	5.65		0.065	4.675	1021.4
sds_2011_302_469	11302235520	29-10-2011	23:54:24	+33.453967	-140.484340		34.735	21.865	17.3327	12.01	1.34	5.29	0.2118	0.0537	0.1948	6307432	0.0	10362	5.65		0.063	4.675	1021.2
sds_2011_302_470	11302235820	29-10-2011	23:57:26	+33.444883	-140.492347		34.675	21.689	16.3340	12.02	1.33	5.29	0.2092	0.0518	0.1924	6487687	0.0	10380	5.65		0.065	4.675	1021.3
